2 513
145 518
251 516
357 514
464 513
570 516
676 516
783 520
889 516
996 518
1103 516
1209 513
1315 518
1422 513
1528 516
1634 516
1741 515
1847 518
1953 517
2061 510
2167 516
2274 518
2380 516
2486 519
2593 529
2699 516
2805 516
2912 517
3019 518
3125 518
3232 515
3338 516
3444 516
3551 514
3657 526
3763 513
3870 520
3976 518
4084 517
4190 515
4296 516
4403 516
4509 521
4615 516
4722 514
4828 517
4934 514
5042 516
5148 517
5254 516
5361 507
5467 515
5573 518
5680 516
5786 516
5892 518
6000 516
6106 518
6212 507
6319 520
6425 515
6531 517
6638 520
6744 514
6850 517
6957 518
7064 514
7171 516
7277 513
7383 516
7490 515
7596 515
7702 517
7809 516
7915 476
8022 514
8129 516
8235 513
8341 513
8448 519
8554 515
8660 516
8767 512
8873 516
8979 513
9086 513
9192 517
9298 515
9405 516
9511 517
9617 514
9724 518
9830 518
9936 474
10044 517
10150 515
10257 514
10363 516
10469 517
10576 517
10682 516
10788 521
10895 520
11002 517
11108 512
11215 514
11321 517
11427 510
11534 515
11640 514
11746 516
11853 516
11959 517
12066 516
12173 517
12279 505
12385 515
12492 516
12598 508
12704 516
12811 515
12917 494
13025 508
13131 517
13237 482
13344 517
13450 516
13556 517
13663 514
13769 514
13875 519
13982 517
14089 518
14195 517
14302 518
14408 516
14514 501
14621 506
14727 517
14833 517
14940 515
15047 516
15154 514
15260 514
15366 508
15473 513
15579 516
15685 517
15792 513
15898 515
16005 518
16112 500
16218 517
16324 521
16431 517
16537 557
16643 515
16750 516
16856 516
16962 516
17070 519
17176 516
17282 517
17389 623
17495 515
17601 515
17708 516
17814 470
17920 515
18028 521
18134 513
18241 465
18347 514
18453 516
18560 516
18666 504
18772 515
18879 514
18986 518
19092 518
19199 517
19305 516
19411 582
19518 519
19624 517
19730 515
19837 517
19943 514
20050 524
20157 514
20263 521
20369 517
20476 521
20582 516
20688 522
20795 514
20901 516
21009 526
21115 516
21221 515
21328 511
21434 518
21540 533
21647 517
21753 515
21859 514
21966 517
22073 517
22179 517
22286 492
22392 507
22498 516
22605 515
22711 504
22817 515
22924 514
23031 519
23138 457
23244 517
23350 517
23457 515
23563 485
23669 518
23776 514
23882 514
23989 516
24096 512
24202 515
24308 521
24415 515
24521 516
24627 509
24734 525
24840 517
24946 516
25054 515
25160 520
25266 515
25373 518
25479 518
25585 521
25692 518
25798 469
25904 515
26012 534
26118 514
26225 515
26331 518
26437 521
26544 518
26650 516
26756 479
26863 519
26969 517
27076 513
27183 515
27289 583
27395 515
27502 515
27608 515
27714 444
27821 511
27927 516
28035 519
28141 515
28247 515
28354 517
28460 500
28566 515
28673 516
28779 455
28885 517
28993 515
29099 513
29205 518
29312 485
29418 514
29524 517
29631 516
29737 515
29843 518
29950 521
30057 515
30163 543
30270 515
30376 511
30482 514
30589 539
30695 516
30801 515
30908 515
31015 518
31122 516
31228 516
31334 517
31441 515
31547 517
31653 514
31760 517
31866 517
31972 516
32080 516
32186 474
32292 514
32399 515
32505 517
32611 507
32718 518
32824 516
32930 515
33038 511
33144 516
33250 519
33357 518
33463 518
33569 516
33676 515
33782 516
33888 524
33996 518
34102 518
34209 512
34315 517
34421 517
34528 515
34634 515
34740 486
34847 517
34953 518
35060 466
35167 512
35273 518
35379 516
35486 510
35592 516
35698 520
35805 516
35911 516
36019 517
36125 515
36231 517
36338 515
36444 516
36550 518
36657 516
36763 515
36869 512
36976 515
37083 502
37189 516
37296 515
37402 516
37508 518
37615 515
37721 515
37827 510
37934 516
38041 518
38147 514
38254 517
38360 614
38466 515
38573 519
38679 517
38785 519
38892 517
38999 516
39106 515
39212 506
39318 515
39425 517
39531 517
39637 521
39744 517
39850 519
39956 513
40064 515
40170 504
40276 516
40383 517
40489 516
40595 516
40702 518
40808 515
40914 533
41022 517
41128 512
41234 514
41341 518
41447 514
41553 517
41660 516
41766 515
41872 514
41979 517
42085 561
42192 517
42298 516
42404 516
42511 523
42617 519
42723 517
42830 517
42936 516
43043 517
43150 516
43256 516
43362 507
43469 513
43575 515
43681 517
43788 515
43894 516
44002 515
44108 514
44214 514
44321 515
44427 516
44533 515
44640 532
44746 517
44852 515
44959 519
45066 516
45172 515
45279 514
45385 517
45491 516
45598 515
45704 516
45810 521
45917 488
46024 517
46130 516
46237 402
46343 517
46449 520
46556 517
46662 484
46768 516
46875 517
46981 516
47089 516
47195 520
47301 517
47408 514
47514 543
47620 516
47727 515
47833 514
47939 517
48047 518
48153 514
48259 515
48366 516
48472 514
48578 516
48685 516
48791 516
48897 514
49005 522
49111 541
49218 517
49324 505
49430 515
49537 533
49643 513
49749 516
49856 516
49962 515
50069 515
50176 516
50282 520
50388 521
50495 513
50601 509
50707 514
50814 558
50920 515
51027 516
51134 512
51240 522
51346 516
51453 518
51559 517
51665 516
51772 516
51878 515
51986 513
52092 518
52198 511
52305 518
52411 515
52517 515
52624 512
52730 515
52836 527
52943 516
53050 514
53156 515
53263 516
53369 518
53475 515
53582 523
53688 510
53794 516
53901 517
54008 516
54115 515
54221 515
54327 517
54434 515
54540 527
54646 515
54753 516
54859 514
54965 518
55073 523
55179 516
55285 511
55392 518
55498 517
55604 516
55711 507
55817 519
55923 517
56031 521
56137 514
56243 515
56350 517
56456 512
56562 531
56669 515
56775 510
56881 517
56989 515
57095 503
57202 516
57308 516
57414 529
57521 517
57627 518
57733 514
57840 512
57946 517
58053 515
58160 484
58266 515
58372 517
58479 518
58585 479
58691 515
58798 519
58904 518
59011 449
59118 514
59224 515
59330 516
59437 517
59543 517
59649 517
59756 515
59862 516
59968 515
60076 516
60182 515
60289 574
60395 516
60501 516
60608 517
60714 527
60820 514
60927 517
61034 513
61140 516
61247 516
61353 517
61459 664
61566 515
61672 516
61778 520
61885 515
61992 516
62099 516
62205 515
62311 531
62418 515
62524 516
62630 517
62737 504
62843 515
62949 518
63057 518
63163 585
63269 516
63376 521
63482 515
63588 531
63695 514
63801 514
63907 514
64015 516
64121 517
64227 510
64334 510
64440 518
64546 515
64653 516
64759 516
64865 517
64972 515
65079 519
65186 513
65292 513
65398 516
65505 515
65611 510
65717 517
65824 513
65930 514
66037 515
66144 514
66250 515
66356 513
66463 533
66569 514
66675 513
66782 514
66888 516
66996 516
67102 518
67208 505
67315 518
67421 515
67527 515
67634 510
67740 518
67846 515
67953 518
68060 510
68166 514
68273 515
68379 517
68485 513
68592 515
68698 516
68804 516
68911 524
69018 514
69124 515
69231 514
69337 505
69443 515
69550 517
69656 516
69762 516
69869 518
69975 512
70083 516
70189 513
70295 516
70402 515
70508 521
70614 516
70721 520
70827 516
70933 514
71041 517
71147 516
71253 518
71360 582
71466 515
71572 515
71679 515
71785 513
71891 508
71999 514
72105 517
72211 519
72318 517
72424 517
72530 516
72637 521
72743 516
72849 515
72956 512
73063 515
73170 516
73276 516
73382 521
73489 513
73595 516
73701 518
73808 514
73914 539
74021 519
74128 517
74234 624
74340 515
74447 516
74553 516
74659 516
74766 522
74872 517
74978 514
75085 548
75192 515
75298 515
75404 517
75511 527
75617 517
75723 516
75830 515
75936 515
76044 514
76150 514
76256 524
76363 514
76469 517
76575 516
76682 516
76788 586
76894 515
77002 516
77108 517
77214 516
77321 516
77427 514
77533 515
77640 476
77746 520
77852 514
77959 516
78066 515
78172 513
78279 515
78385 522
78491 507
78598 516
78704 518
78810 507
78917 588
79024 516
79131 516
79237 516
79343 515
79450 516
79556 517
79662 533
79769 515
79875 511
79981 515
80089 513
80195 524
80301 515
80408 516
80514 568
80620 522
80727 513
80833 517
80939 514
81047 513
81153 516
81260 518
81366 514
81472 517
81579 519
81685 514
81791 517
81898 516
82005 514
82111 514
82218 505
82324 516
82430 516
82537 517
82643 515
82749 514
82856 514
82962 518
83069 513
83176 514
83282 517
83388 517
83495 512
83601 515
83707 515
83814 512
83920 515
84028 514
84134 518
84240 514
84347 513
84453 518
84559 513
84666 514
84772 516
84878 515
84986 516
85092 516
85198 515
85305 518
85411 510
85517 520
85624 517
85730 507
85836 516
85943 515
86050 519
86157 517
86263 517
86369 516
86476 514
86582 516
86688 516
86795 514
86901 511
87008 518
87115 515
87221 515
87327 515
87434 508
87540 506
87646 516
87753 517
87859 512
87965 514
88073 522
88179 513
88285 554
88392 516
88498 516
88604 518
88711 514
88817 511
88923 517
89031 523
89137 514
89244 517
89350 519
89456 513
89563 665
89669 517
89775 519
89882 514
89989 515
90095 516
90202 520
90308 515
90414 529
90521 515
90627 515
90733 513
90840 490
90946 516
91053 515
91160 523
91266 517
91372 515
91479 514
91585 526
91691 518
91798 514
91904 515
92012 515
92118 514
92224 516
92331 518
92437 441
92543 509
92650 515
92756 515
92862 438
92969 515
93076 517
93182 517
93289 512
93395 517
93501 518
93608 515
93714 513
93820 517
93927 514
94034 509
94141 517
94247 518
94353 511
94460 572
94566 516
94672 516
94779 515
94885 514
94992 515
95099 516
95205 517
95311 515
95418 513
95524 517
95630 515
95737 511
95843 518
95949 517
96057 524
96163 516
96269 517
96376 518
96482 517
96588 563
96695 514
96801 516
96907 516
97015 522
97121 513
97228 515
97334 554
97440 516
97547 517
97653 523
97759 515
97866 518
97972 518
98079 515
98186 517
98292 518
98398 512
98505 514
98611 517
98717 513
98824 514
98930 515
99038 511
99144 516
99250 511
99357 517
99463 558
99569 512
99676 518
99782 517
99888 552
99996 520
100102 514
100208 403
100315 510
100421 516
100527 516
100634 521
100740 516
100846 518
100953 516
101060 379
101166 518
101273 517
101379 515
101485 506
101592 517
101698 516
101804 516
101911 525
102018 516
102125 518
102231 516
102337 405
102444 516
102550 516
102656 518
102763 514
102869 522
102975 514
103083 519
103189 516
103295 519
103402 517
103508 484
103614 515
103721 513
103827 514
103933 509
104041 522
104147 513
104253 515
104360 438
104466 516
104572 513
104679 515
104785 516
104891 515
104999 519
105105 515
105212 518
105318 515
105424 516
105531 518
105637 477
105743 520
105850 516
105956 518
106063 518
106170 514
106276 516
106382 523
106489 517
106595 516
106701 518
106808 515
106914 518
107022 517
107128 514
107234 507
107341 516
107447 516
107553 516
107660 515
107766 515
107872 515
107979 514
108086 522
108192 515
108298 512
108405 532
108511 524
108617 513
108724 517
108830 516
108936 515
109044 517
109150 516
109256 518
109363 523
109469 515
109575 517
109682 516
109788 571
109894 516
110002 516
110108 528
110214 515
110321 516
110427 514
110533 514
110640 517
110746 518
110852 516
110959 518
111066 517
111173 517
111279 514
111385 521
111492 514
111598 517
111704 519
111811 509
111917 516
112024 516
112131 519
112237 516
112343 524
112450 515
112556 512
112662 515
112769 514
112875 515
112981 516
113089 519
113195 516
113301 517
113408 511
113514 521
113620 516
113727 518
113833 517
113939 515
114047 510
114153 515
114260 521
114366 521
114472 519
114579 519
114685 514
114791 516
114898 517
115005 510
115111 514
115218 514
115324 515
115430 514
115537 516
115643 518
115749 515
115856 513
115962 517
116070 515
116176 514
116282 520
116389 518
116495 516
116601 516
116708 516
116814 522
116920 516
117028 514
117134 504
117240 516
117347 514
117453 516
117559 512
117666 513
117772 456
117878 516
117986 517
118092 518
118198 514
118305 512
118411 510
118517 514
118624 514
118730 517
118836 539
118943 518
119050 509
119157 510
119263 514
119369 517
119476 511
119582 515
119688 502
119795 515
119901 513
120008 510
120115 515
120221 515
120327 515
120434 511
120540 516
120646 512
120753 520
120859 517
120965 523
121073 516
121179 521
121286 515
121392 516
121498 513
121605 517
121711 514
121817 512
121924 516
122031 516
122137 515
122244 517
122350 517
122456 516
122563 498
122669 516
122775 516
122882 516
122989 516
123095 517
123202 516
123308 508
123414 517
123521 514
123627 514
123733 521
123840 517
123946 520
124054 516
124160 514
124266 520
124373 516
124479 515
124585 517
124692 516
124798 514
124904 517
125012 515
125118 515
125224 514
125331 508
125437 520
125543 516
125650 515
125756 515
125862 517
125969 519
126076 516
126182 515
126289 515
126395 517
126501 516
126608 517
126714 513
126820 515
126927 515
127034 526
127141 524
127247 514
127353 516
127460 510
127566 514
127672 515
127779 507
127885 517
127992 517
128099 517
128205 520
128311 517
128418 513
128524 516
128630 518
128737 455
128843 515
128949 517
129057 515
129163 516
129270 514
129376 515
129482 516
129589 514
129695 516
129801 515
129908 517
130015 518
130121 514
130228 517
130334 642
130440 515
130547 517
130653 513
130759 521
130866 517
130972 516
131079 515
131186 514
131292 490
131398 514
131505 515
131611 478
131717 515
131824 514
131930 517
132038 515
132144 522
132250 515
132357 516
132463 514
132569 514
132676 517
132782 521
132888 474
132996 516
133102 512
133208 459
133315 517
133421 513
133527 514
133634 469
133740 514
133846 518
133953 517
134060 517
134166 516
134273 518
134379 517
134485 549
134592 519
134698 513
134804 514
134911 547
135018 515
135125 515
135231 515
135337 519
135444 516
135550 515
135656 515
135763 516
135869 509
135975 516
136083 520
136189 513
136295 517
136402 516
136508 505
136614 515
136721 518
136827 513
136933 516
137041 517
137147 514
137254 517
137360 508
137466 514
137573 517
137679 515
137785 538
137892 520
137999 514
138105 519
138212 431
138318 517
138424 518
138531 536
138637 542
138743 515
138850 521
138956 516
139063 516
139170 515
139276 515
139382 552
139489 514
139595 514
139701 518
139808 534
139914 516
140022 515
140128 515
140234 527
140341 515
140447 513
140553 516
140660 515
140766 517
140872 516
140979 516
141085 516
141192 512
141298 516
141404 515
141511 527
141617 515
141723 517
141830 518
141936 515
142043 517
142150 514
142256 510
142362 517
142469 515
142575 519
142681 509
142788 515
142894 517
143002 520
143108 491
143214 513
143321 516
143427 513
143533 530
143640 517
143746 516
143852 514
143959 518
144066 516
144172 515
144279 513
144385 525
144491 516
144598 513
144704 517
144810 525
144917 514
145024 518
145130 519
145237 513
145343 518
145449 517
145556 518
145662 517
145768 512
145875 517
145981 518
146089 516
146195 515
146301 517
146408 371
146514 516
146620 520
146727 515
146833 507
146939 515
147047 515
147153 516
147259 517
147366 517
147472 516
147578 512
147685 405
147791 515
147897 520
148005 513
148111 518
148218 517
148324 515
148430 523
148537 513
148643 515
148749 515
148856 520
148962 513
149069 517
149176 515
149282 456
149388 516
149495 524
149601 516
149707 517
149814 516
149920 514
150027 513
150134 510
150240 514
150346 515
150453 515
150559 515
150665 515
150772 510
150878 514
150986 515
151092 515
151198 514
151305 510
151411 516
151517 519
151624 515
151730 516
151836 668
151943 513
152050 515
152156 652
152263 516
152369 517
152475 516
152582 519
152688 517
152794 520
152901 518
153008 461
153115 513
153221 515
153327 520
153434 509
153540 521
153646 520
153753 516
153859 511
153965 516
154073 518
154179 516
154285 517
154392 508
154498 518
154604 514
154711 442
154817 521
154923 514
155031 515
155137 516
155243 514
155350 517
155456 516
155562 517
155669 518
155775 515
155881 518
155989 517
156095 515
156202 513
156308 515
156414 514
156521 515
156627 516
156733 522
156840 516
156946 515
157053 519
157160 515
157266 513
157372 516
157479 522
157585 514
157691 525
157798 517
157904 516
158011 515
158118 511
158224 517
158330 517
158437 514
158543 517
158649 515
158756 514
158862 517
158968 516
159076 514
159182 513
159289 514
159395 525
159501 517
159608 516
159714 515
159820 516
159927 516
160034 516
160140 517
160247 514
160353 513
160459 517
160566 515
160672 516
160778 515
160885 545
160992 516
161099 511
161205 522
161311 518
161418 516
161524 517
161630 515
161737 516
161843 517
161949 515
162057 573
162163 514
162269 518
162376 516
162482 516
162588 517
162695 515
162801 513
162907 524
163015 517
163121 525
163227 516
163334 516
163440 520
163546 505
163653 518
163759 582
163865 514
163972 516
164079 521
164186 518
164292 514
164398 514
164505 514
164611 601
164717 516
164824 516
164930 517
165037 516
165144 516
165250 514
165356 512
165463 516
165569 515
165675 514
165782 508
165888 517
165996 516
166102 518
166208 485
166315 525
166421 515
166527 514
166634 518
166740 516
166846 512
166953 517
167060 515
167166 509
167273 515
167379 526
167485 550
167592 515
167698 516
167804 511
167911 516
168018 514
168124 517
168231 515
168337 515
168443 517
168550 517
168656 509
168762 515
168869 516
168975 516
169083 516
169189 408
169295 517
169402 516
169508 514
169614 517
169721 517
169827 516
169933 514
170041 516
170147 512
170253 503
170360 517
170466 516
170572 515
170679 516
170785 427
170891 515
170999 516
171105 510
171211 518
171318 514
171424 517
171530 517
171637 515
171743 516
171849 516
171956 521
172063 517
172170 516
172276 517
172382 502
172489 515
172595 514
172701 517
172808 515
172914 516
173021 518
173128 512
173234 514
173340 518
173447 516
173553 516
173659 440
173766 515
173872 518
173978 518
174085 517
174192 515
174298 517
174404 517
174511 577
174617 516
174723 516
174830 517
174936 516
175044 515
175150 515
175256 499
175363 513
175469 517
175575 511
175682 516
175788 516
175894 479
176002 519
176108 521
176214 515
176321 516
176427 517
176533 526
176640 518
176746 514
176852 510
176959 515
177066 516
177172 511
177279 516
177385 515
177491 516
177598 514
177704 511
177810 551
177917 516
178024 514
178131 443
178237 517
178343 514
178450 514
178556 552
178662 514
178769 516
178875 516
178981 517
179089 514
179195 516
179301 518
179408 463
179514 516
179620 516
179727 514
179833 521
179939 516
180047 515
180153 517
180260 535
180366 516
180472 514
180579 517
180685 541
180791 512
180898 514
181005 520
181111 518
181218 516
181324 516
181430 516
181537 515
181643 516
181749 516
181856 513
181962 518
182069 519
182176 516
182282 514
182388 518
182495 515
182601 514
182707 517
182814 516
182920 518
183028 514
183134 516
183240 515
183347 516
183453 517
183559 518
183666 514
183772 509
183878 513
183986 520
184092 515
184198 516
184305 513
184411 513
184517 513
184624 516
184730 521
184836 514
184943 516
185050 517
185157 560
185263 516
185369 517
185476 517
185582 494
185688 518
185795 512
185901 517
186008 515
186115 516
186221 515
186327 514
186434 533
186540 517
186646 514
186753 515
186859 435
186965 515
187073 516
187179 510
187285 517
187392 517
187498 514
187604 515
187711 514
187817 514
187923 516
188031 558
188137 516
188244 514
188350 518
188456 510
188563 525
188669 518
188775 513
188882 507
188989 516
189095 515
189202 521
189308 511
189414 518
189521 516
189627 513
189733 514
189840 518
189946 514
190053 526
190160 516
190266 522
190372 514
190479 523
190585 515
190691 516
190798 516
190904 515
191012 516
191118 517
191224 514
191331 517
191437 516
191543 515
191650 516
191756 513
191862 513
191969 517
192076 515
192182 536
192289 515
192395 519
192501 515
192608 522
192714 524
192820 516
192927 499
193034 516
193141 518
193247 505
193353 516
193460 516
193566 516
193672 517
193779 518
193885 484
193992 519
194099 513
194205 512
194311 516
194418 514
194524 515
194630 518
194737 528
194843 514
194949 515
195057 518
195163 516
195269 520
195376 515
195482 514
195588 514
195695 516
195801 515
195907 508
196015 515
196121 517
196228 521
196334 519
196440 515
196547 514
196653 510
196759 541
196866 514
196972 512
197079 527
197186 517
197292 521
197398 514
197505 517
197611 525
197717 513
197824 515
197930 525
198038 516
198144 517
198250 514
198357 520
198463 519
198569 515
198676 517
198782 516
198888 513
198996 518
199102 517
199208 526
199315 514
199421 513
199527 512
199634 519
199740 516
199846 517
199953 516
200060 515
200166 517
200273 514
200379 504
200485 536
200592 516
200698 516
200804 517
200911 476
201018 516
201125 513
201231 514
201337 517
201444 516
201550 516
201656 513
201763 518
201869 515
201975 504
202083 513
202189 515
202295 516
202402 516
202508 514
202614 516
202721 515
202827 515
202933 515
203041 517
203147 515
203253 507
203360 514
203466 515
203572 517
203679 515
203785 545
203891 517
203999 514
204105 533
204212 515
204318 516
204424 515
204531 516
204637 517
204743 514
204850 515
204956 517
205063 515
205170 518
205276 515
205382 515
205489 516
205595 516
205701 517
205808 524
205914 514
206022 516
206128 509
206234 515
206341 509
206447 517
206553 516
206660 521
206766 513
206872 515
206979 516
207086 516
207192 515
207298 516
207405 516
207511 502
207617 514
207724 516
207830 518
207936 513
208044 515
208150 515
208256 500
208363 518
208469 515
208575 517
208682 542
208788 516
208894 517
209002 510
209108 516
209214 516
209321 514
209427 514
209533 415
209640 517
209746 515
209852 515
209959 549
210066 516
210173 516
210279 514
210385 484
210492 517
210598 518
210704 518
210811 479
210917 517
211024 517
211131 524
211237 517
211343 517
211450 515
211556 570
211662 515
211769 517
211875 515
211981 513
212089 515
212195 514
212301 513
212408 522
212514 514
212620 514
212727 516
212833 514
212939 516
213047 514
213153 515
213260 520
213366 516
213472 523
213579 519
213685 552
213791 517
213898 518
214005 472
214111 519
214218 512
214324 515
214430 526
214537 515
214643 516
214749 515
214856 506
214962 515
215070 518
215176 556
215282 519
215389 515
215495 515
215601 515
215708 520
215814 515
215920 514
216028 515
216134 515
216240 517
216347 514
216453 516
216559 542
216666 516
216772 515
216878 517
216986 516
217092 517
217198 517
217305 450
217411 514
217517 515
217624 518
217730 529
217836 517
217943 516
218050 512
218157 510
218263 517
218369 518
218476 513
218582 508
218688 516
218795 515
218901 514
219008 515
219115 516
219221 519
219327 516
219434 443
219540 515
219646 522
219753 515
219859 461
219965 516
220073 514
220179 553
220286 518
220392 517
220498 515
220605 504
220711 516
220817 514
220924 516
221031 667
221137 514
221244 515
221350 519
221456 515
221563 516
221669 514
221775 516
221882 519
221989 509
222095 514
222202 517
222308 540
222414 512
222521 516
222627 518
222733 502
222840 516
222946 515
223054 529
223160 513
223266 514
223373 517
223479 510
223585 516
223692 515
223798 515
223904 516
224012 516
224118 513
224224 515
224331 485
224437 513
224543 517
224650 515
224756 507
224862 514
224969 515
225076 518
225182 520
225289 515
225395 516
225501 516
225608 518
225714 515
225820 520
225927 514
226034 515
226141 515
226247 511
226353 514
226460 514
226566 514
226672 526
226779 515
226885 609
226992 519
227099 510
227205 493
227311 516
227418 515
227524 512
227630 510
227737 516
227843 516
227949 516
228057 515
228163 518
228270 514
228376 515
228482 516
228589 511
228695 516
228801 518
228908 513
229015 517
229121 514
229228 515
229334 518
229440 517
229547 518
229653 517
229759 522
229866 516
229972 515
230079 552
230186 518
230292 516
230398 513
230505 515
230611 516
230717 515
230824 515
230930 515
231038 519
231144 514
231250 515
231357 518
231463 519
231569 516
231676 533
231782 614
231888 514
231996 516
232102 508
232208 517
232315 517
232421 514
232527 516
232634 519
232740 516
232846 517
232953 518
233060 515
233166 517
233273 517
233379 524
233485 517
233592 517
233698 514
233804 517
233911 517
234018 518
234125 517
234231 511
234337 516
234444 515
234550 516
234656 513
234763 517
234869 515
234975 518
235083 517
235189 515
235295 515
235402 527
235508 512
235614 515
235721 515
235827 516
235933 518
236041 512
236147 518
236254 519
236360 514
236466 514
236573 517
236679 515
236785 515
236892 520
236999 520
237105 498
237212 520
237318 517
237424 517
237531 524
237637 517
237743 517
237850 512
237956 516
238063 516
238170 513
238276 519
238382 520
238489 518
238595 515
238701 517
238808 491
238914 514
239022 516
239128 524
239234 519
239341 515
239447 516
239553 514
239660 447
239766 514
239872 515
239979 516
240085 519
240192 513
240298 489
240404 514
240511 517
240617 514
240723 517
240830 516
240936 514
241043 486
241150 516
241256 515
241362 517
241469 516
241575 516
241681 589
241788 517
241894 514
242002 517
242108 516
242214 516
242321 518
242427 520
242533 516
242640 516
242746 516
242852 517
242959 520
243066 516
243172 514
243279 511
243385 518
243491 517
243598 506
243704 519
243810 517
243917 513
244024 515
244130 455
244237 518
244343 515
244449 516
244556 513
244662 516
244768 515
244875 518
244981 519
245089 517
245195 514
245301 517
245408 517
245514 516
245620 519
245727 518
245833 471
245939 519
246047 477
246153 514
246259 517
246366 517
246472 514
246578 515
246685 516
246791 515
246897 514
247005 507
247111 515
247218 518
247324 514
247430 524
247537 516
247643 514
247749 514
247856 517
247962 515
248069 516
248176 524
248282 519
248388 516
248495 517
248601 517
248707 520
248814 515
248920 516
249027 518
249134 516
249240 517
249346 513
249453 516
249559 513
249665 515
249772 513
249878 516
249986 506
250092 515
250198 517
250305 505
250411 522
250517 517
250624 516
250730 512
250836 516
250943 517
251050 514
251156 544
251263 516
251369 514
251475 517
251582 546
251688 516
251794 515
251901 516
252008 516
252115 515
252221 516
252327 515
252434 525
252540 514
252646 516
252753 515
252859 514
252965 515
253073 517
253179 485
253285 514
253392 521
253498 518
253604 551
253711 516
253817 516
253923 515
254031 517
254137 517
254243 517
254350 516
254456 439
254562 515
254669 519
254775 519
254881 531
254989 515
255095 514
255202 519
255308 433
255414 517
255521 516
255627 516
255733 535
255840 514
255946 516
256053 507
256160 516
256266 515
256372 516
256479 550
256585 521
256691 516
256798 518
256904 523
257011 518
257118 464
257224 515
257330 512
257437 513
257543 513
257649 520
257756 514
257862 518
257968 517
258076 528
258182 516
258289 515
258395 520
258501 514
258608 519
258714 514
258820 516
258927 515
259034 516
259140 516
259247 515
259353 427
259459 518
259566 515
259672 515
259778 509
259885 518
259992 518
260099 512
260205 425
260311 517
260418 515
260524 510
260630 506
260737 513
260843 512
260949 514
261057 514
261163 517
261269 517
261376 515
261482 486
261588 516
261695 516
261801 511
261907 515
262015 515
262121 514
262227 519
262334 516
262440 519
262546 515
262653 542
262759 516
262865 516
262972 515
263079 505
263186 514
263292 511
263398 515
263505 517
263611 515
263717 516
263824 513
263930 516
264037 516
264144 517
264250 518
264356 464
264463 514
264569 516
264675 511
264782 551
264888 516
264996 521
265102 514
265208 516
265315 518
265421 515
265527 515
265634 522
265740 516
265846 510
265953 516
266060 516
266166 514
266273 516
266379 553
266485 515
266592 511
266698 515
266804 508
266911 516
267018 516
267124 516
267231 344
267337 515
267443 515
267550 516
267656 477
267762 515
267869 516
267975 517
268083 515
268189 511
268295 515
268402 526
268508 517
268614 516
268721 516
268827 516
268933 517
269041 516
269147 514
269253 509
269360 516
269466 516
269572 511
269679 521
269785 514
269891 521
269999 512
270105 515
270211 516
270318 513
270424 514
270530 561
270637 516
270743 515
270849 518
270956 516
271063 576
271170 513
271276 518
271382 517
271489 515
271595 517
271701 516
271808 520
271914 522
272021 514
272128 542
272234 516
272340 519
272447 513
272553 524
272659 518
272766 514
272872 516
272978 515
273085 517
273192 515
273298 516
273404 520
273511 514
273617 517
273723 514
273830 507
273936 518
274044 515
274150 514
274256 510
274363 516
274469 517
274575 515
274682 515
274788 518
274894 514
275002 524
275108 548
275214 512
275321 515
275427 516
275533 513
275640 516
275746 515
275852 509
275959 514
276066 515
276172 514
276279 509
276385 517
276491 515
276598 513
276704 515
276810 514
276917 518
277024 515
277131 515
277237 518
277343 516
277450 512
277556 517
277662 516
277769 516
277875 511
277981 599
278089 515
278195 513
278301 522
278408 516
278514 515
278620 508
278727 516
278833 624
278939 518
279047 515
279153 507
279260 517
279366 515
279472 515
279579 517
279685 516
279791 516
279898 516
280005 517
280111 516
280218 513
280324 510
280430 516
280537 514
280643 522
280749 515
280856 508
280962 515
281069 517
281176 518
281282 515
281388 517
281495 515
281601 514
281707 503
281814 516
281920 515
282028 535
282134 514
282240 517
282347 514
282453 515
282559 516
282666 519
282772 514
282878 516
282986 517
283092 516
283198 516
283305 518
283411 516
283517 513
283624 517
283730 675
283836 518
283943 514
284050 517
284157 514
284263 515
284369 520
284476 513
284582 511
284688 530
284795 514
284901 517
285008 514
285115 518
285221 516
285327 515
285434 517
285540 514
285646 514
285753 517
285859 512
285965 514
286073 520
286179 515
286285 517
286392 515
286498 515
286604 521
286711 505
286817 513
286923 515
287031 515
287137 515
287244 518
287350 517
287456 534
287563 516
287669 516
287775 515
287882 504
287989 514
288095 592
288202 511
288308 516
288414 515
288521 516
288627 515
288733 507
288840 517
288946 519
289053 516
289160 518
289266 516
289372 508
289479 455
289585 517
289691 515
289798 514
289904 510
290012 516
290118 488
290224 514
290331 517
290437 515
290543 514
290650 517
290756 522
290862 516
290969 519
291076 518
291182 515
291289 516
291395 519
291501 515
291608 443
291714 517
291820 514
291927 514
292034 518
292141 518
292247 517
292353 475
292460 513
292566 515
292672 516
292779 521
292885 516
292992 515
293099 520
293205 507
293311 519
293418 516
293524 518
293630 518
293737 518
293843 516
293949 516
294057 518
294163 517
294269 514
294376 515
294482 475
294588 516
294695 517
294801 515
294907 541
295015 514
295121 519
295228 517
295334 517
295440 533
295547 516
295653 491
295759 521
295866 516
295972 517
296079 572
296186 514
296292 515
296398 515
296505 535
296611 517
296717 518
296824 517
296930 518
297038 518
297144 517
297250 516
297357 515
297463 517
297569 518
297676 517
297782 516
297888 516
297996 514
298102 486
298208 516
298315 516
298421 516
298527 539
298634 517
298740 513
298846 515
298953 515
299060 514
299166 514
299273 517
299379 517
299485 516
299592 516
299698 514
299804 516
299911 515
300018 523
300125 511
300231 515
300337 518
300444 516
300550 517
300656 514
300763 516
300869 519
300975 516
301083 519
301189 513
301295 517
301402 501
301508 514
301614 515
301721 514
301827 573
301933 517
302041 514
302147 516
302253 523
302360 515
302466 515
302572 517
302679 520
302785 515
302891 517
302999 518
303105 516
303212 514
303318 518
303424 516
303531 512
303637 515
303743 515
303850 515
303956 517
304063 513
304170 514
304276 515
304382 514
304489 516
304595 516
304701 623
304808 514
304914 519
305022 515
305128 502
305234 517
305341 524
305447 517
305553 518
305660 517
305766 519
305872 517
305979 516
306086 523
306192 517
306298 516
306405 522
306511 516
306617 516
306724 520
306830 512
306936 515
307044 515
307150 516
307256 518
307363 516
307469 516
307575 523
307682 520
307788 518
307894 515
308002 499
308108 515
308214 517
308321 518
308427 520
308533 515
308640 520
308746 514
308852 509
308959 516
309066 518
309173 518
309279 517
309385 521
309492 517
309598 514
309704 524
309811 519
309917 514
310024 524
310131 514
310237 514
310343 516
310450 515
310556 519
310662 516
310769 516
310875 516
310981 518
311089 517
311195 517
311301 506
311408 518
311514 514
311620 517
311727 517
311833 513
311939 516
312047 516
312153 482
312260 518
312366 513
312472 516
312579 517
312685 511
312791 516
312898 516
313005 517
313111 517
313218 515
313324 510
313430 517
313537 515
313643 517
313749 517
313856 431
313962 518
314070 519
314176 521
314282 512
314389 515
314495 515
314601 515
314708 500
314814 515
314920 516
315028 468
315134 508
315240 517
315347 519
315453 507
315559 517
315666 515
315772 514
315878 518
315986 516
316092 518
316198 509
316305 516
316411 516
316517 514
316624 519
316730 525
316836 516
316943 516
317050 518
317157 517
317263 513
317369 515
317476 505
317582 561
317688 518
317795 519
317901 515
318008 509
318115 514
318221 517
318327 510
318434 519
318540 518
318646 514
318753 518
318859 517
318965 516
319073 516
319179 516
319286 519
319392 515
319498 522
319605 519
319711 517
319817 524
319924 517
320031 515
320137 510
320244 517
320350 513
320456 511
320563 514
320669 517
320775 515
320882 515
320989 516
321095 516
321202 514
321308 511
321414 516
321521 518
321627 521
321733 515
321840 518
321946 515
322054 516
322160 516
322266 516
322373 516
322479 515
322585 519
322692 521
322798 515
322904 522
323012 516
323118 515
323224 515
323331 517
323437 512
323543 516
323650 506
323756 532
323862 519
323969 515
324076 530
324182 521
324289 515
324395 517
324501 508
324608 513
324714 515
324820 516
324927 517
325034 517
325141 514
325247 517
325353 516
325460 522
325566 516
325672 508
325779 516
325885 517
325992 518
326099 525
326205 515
326311 518
326418 515
326524 514
326630 526
326737 513
326843 515
326949 515
327057 516
327163 517
327270 515
327376 514
327482 517
327589 515
327695 518
327801 518
327908 514
328015 516
328121 519
328228 445
328334 517
328440 512
328547 517
328653 514
328759 516
328866 530
328972 517
329079 517
329186 512
329292 517
329398 514
329505 488
329611 518
329717 516
329824 510
329930 515
330038 518
330144 518
330250 513
330357 518
330463 519
330569 514
330676 517
330782 519
330888 512
330996 520
331102 494
331208 520
331315 516
331421 516
331527 418
331634 516
331740 516
331846 518
331953 516
332060 512
332166 514
332273 511
332379 516
332485 517
332592 519
332698 514
332804 386
332911 516
333018 514
333125 517
333231 520
333337 517
333444 516
333550 514
333656 448
333763 516
333869 516
333975 517
334083 516
334189 514
334295 517
334402 500
334508 508
334614 515
334721 518
334827 510
334933 515
335041 514
335147 515
335254 516
335360 513
335466 517
335573 517
335679 523
335785 512
335892 516
335999 522
336105 515
336212 515
336318 520
336424 515
336531 511
336637 516
336743 516
336850 515
336956 512
337063 516
337170 517
337276 523
337382 517
337489 512
337595 513
337701 393
337808 515
337914 513
338022 515
338128 515
338234 516
338341 510
338447 516
338553 516
338660 514
338766 514
338872 514
338979 515
339085 518
339192 514
339298 515
339404 508
339511 517
339617 479
339723 517
339830 509
339936 514
340043 516
340150 520
340256 517
340362 517
340469 515
340575 613
340681 516
340788 516
340894 516
341002 519
341108 552
341214 515
341321 516
341427 501
341533 514
341640 521
341746 514
341852 523
341959 517
342066 516
342172 517
342279 449
342385 516
342491 517
342598 516
342704 526
342810 515
342917 515
343024 522
343130 513
343237 517
343343 517
343449 523
343556 515
343662 514
343768 514
343875 517
343981 516
344089 517
344195 516
344301 546
344408 518
344514 517
344620 515
344727 517
344833 515
344939 518
345047 519
345153 501
345259 516
345366 517
345472 513
345578 529
345685 515
345791 517
345897 513
346005 515
346111 517
346218 515
346324 509
346430 515
346537 515
346643 516
346749 516
346856 517
346962 516
347069 516
347176 546
347282 516
347388 515
347495 515
347601 528
347707 516
347814 515
347920 515
348027 513
348134 515
348240 515
348346 515
348453 517
348559 515
348665 522
348772 515
348878 537
348986 512
349092 518
349198 520
349305 517
349411 516
349517 515
349624 508
349730 517
349836 514
349943 518
350050 668
350156 514
350263 514
350369 517
350475 513
350582 518
350688 518
350794 514
350901 517
351008 516
351115 517
351221 517
351327 520
351434 516
351540 516
351646 519
351753 515
351859 516
351965 516
352073 515
352179 519
352285 511
352392 515
352498 519
352604 511
352711 516
352817 512
352923 514
353031 517
353137 515
353243 517
353350 517
353456 517
353562 516
353669 515
353775 516
353881 531
353989 517
354095 514
354202 550
354308 517
354414 516
354521 515
354627 521
354733 517
354840 514
354946 517
355053 516
355160 541
355266 514
355372 510
355479 516
355585 516
355691 518
355798 516
355904 545
356011 515
356118 516
356224 520
356330 518
356437 512
356543 518
356649 516
356756 515
356862 516
356968 516
357076 572
357182 517
357289 517
357395 514
357501 486
357608 515
357714 515
357820 513
357927 406
358034 515
358140 515
358247 516
358353 516
358459 515
358566 514
358672 510
358778 518
358885 515
358992 515
359099 524
359205 519
359311 521
359418 516
359524 523
359630 521
359737 514
359843 515
359949 519
360057 514
360163 516
360269 517
360376 573
360482 515
360588 517
360695 515
360801 528
360907 517
361015 519
361121 516
361227 511
361334 513
361440 517
361546 515
361653 518
361759 516
361865 517
361972 515
362079 517
362186 515
362292 517
362398 512
362505 516
362611 515
362717 518
362824 509
362930 515
363037 514
363144 516
363250 521
363356 510
363463 513
363569 516
363675 528
363782 515
363888 519
363996 516
364102 516
364208 514
364315 516
364421 516
364527 514
364634 515
364740 517
364846 504
364953 515
365060 529
365166 515
365273 512
365379 519
365485 512
365592 516
365698 528
365804 625
365911 516
366018 515
366124 576
366231 516
366337 513
366443 516
366550 519
366656 514
366762 515
366869 515
366975 515
367083 516
367189 516
367295 515
367402 505
367508 516
367614 513
367721 529
367827 513
367933 517
368041 517
368147 508
368253 518
368360 517
368466 516
368572 515
368679 525
368785 515
368891 515
368999 516
369105 513
369211 514
369318 514
369424 516
369530 517
369637 515
369743 507
369849 525
369956 515
370063 504
370170 512
370276 466
370382 515
370489 515
370595 518
370701 500
370808 516
370914 518
371021 513
371128 514
371234 502
371340 518
371447 516
371553 543
371659 517
371766 515
371872 516
371978 514
372085 517
372192 516
372298 514
372404 512
372511 517
372617 513
372723 516
372830 517
372936 516
373044 513
373150 536
373256 517
373363 518
373469 519
373575 519
373682 511
373788 519
373894 516
374002 515
374108 514
374214 513
374321 516
374427 518
374533 519
374640 517
374746 511
374852 521
374959 519
375066 518
375172 511
375279 486
375385 515
375491 514
375598 514
375704 470
375810 515
375917 511
376024 440
376131 515
376237 515
376343 514
376450 446
376556 516
376662 513
376769 518
376875 516
376981 516
377089 515
377195 515
377301 511
377408 516
377514 515
377620 516
377727 523
377833 514
377939 518
378047 516
378153 516
378260 517
378366 519
378472 515
378579 510
378685 516
378791 511
378898 515
379005 514
379111 514
379218 516
379324 361
379430 515
379537 514
379643 519
379749 518
379856 513
379962 515
380069 515
380176 442
380282 516
380388 517
380495 515
380601 516
380707 514
380814 517
380920 516
381028 514
381134 518
381240 515
381347 517
381453 527
381559 517
381666 513
381772 515
381878 539
381986 513
382092 517
382198 522
382305 516
382411 515
382517 515
382624 429
382730 515
382836 514
382943 520
383050 474
383157 515
383263 512
383369 515
383476 508
383582 516
383688 516
383795 512
383901 505
384008 515
384115 523
384221 516
384327 526
384434 516
384540 515
384646 514
384753 547
384859 516
384965 516
385073 519
385179 505
385285 517
385392 516
385498 509
385604 521
385711 512
385817 514
385923 518
386031 517
386137 514
386244 518
386350 522
386456 516
386563 509
386669 515
386775 513
386882 495
386989 514
387095 515
387202 439
387308 515
387414 518
387521 524
387627 507
387733 516
387840 516
387946 515
388053 518
388160 514
388266 516
388372 510
388479 511
388585 516
388691 512
388798 516
388904 514
389012 516
389118 515
389224 545
389331 516
389437 514
389543 517
389650 518
389756 515
389862 514
389969 518
390076 514
390182 515
390289 511
390395 516
390501 520
390608 515
390714 518
390820 521
390927 516
391034 515
391141 514
391247 519
391353 523
391460 520
391566 518
391672 511
391779 528
391885 515
391992 515
392099 515
392205 515
392311 517
392418 511
392524 518
392630 560
392737 514
392843 515
392949 517
393057 517
393163 518
393269 518
393376 523
393482 518
393588 515
393695 519
393801 521
393907 517
394015 519
394121 515
394228 520
394334 517
394440 513
394547 521
394653 519
394759 514
394866 521
394972 513
395079 514
395186 508
395292 516
395398 615
395505 516
395611 516
395717 514
395824 516
395930 515
396038 517
396144 516
396250 523
396357 517
396463 515
396569 515
396676 514
396782 515
396888 513
396996 503
397102 516
397208 518
397315 517
397421 509
397527 515
397634 516
397740 514
397846 520
397953 517
398060 513
398166 517
398273 515
398379 513
398485 518
398592 515
398698 509
398804 512
398911 516
399018 514
399125 490
399231 511
399337 518
399444 515
399550 542
399656 517
399763 517
399869 517
399975 515
400083 515
400189 515
400295 515
400402 518
400508 517
400614 516
400721 521
400827 516
400933 513
401041 515
401147 513
401253 516
401360 548
401466 515
401572 518
401679 516
401785 515
401891 513
401999 449
402105 515
402212 513
402318 518
402424 483
402531 519
402637 517
402743 519
402850 528
402956 515
403063 517
403170 516
403276 514
403382 517
403489 513
403595 517
403701 518
403808 515
403914 516
404022 516
404128 515
404234 513
404341 516
404447 522
404553 515
404660 522
404766 515
404872 508
404979 515
405086 516
405192 517
405298 337
405405 516
405511 516
405617 516
405724 488
405830 517
405936 523
406044 517
406150 507
406256 518
406363 517
406469 513
406575 513
406682 516
406788 516
406894 517
407002 516
407108 516
407214 514
407321 524
407427 511
407533 517
407640 516
407746 519
407852 513
407959 516
408066 517
408173 521
408279 514
408385 518
408492 516
408598 484
408704 512
408811 516
408917 514
409024 530
409131 520
409237 514
409343 518
409450 439
409556 515
409662 516
409769 516
409875 465
409981 514
410089 517
410195 519
410301 515
410408 516
410514 509
410620 562
410727 526
410833 516
410939 517
411047 514
411153 517
411260 515
411366 523
411472 521
411579 517
411685 514
411791 516
411898 518
412005 516
412111 517
412218 511
412324 535
412430 516
412537 519
412643 515
412749 495
412856 515
412962 517
413070 515
413176 514
413282 515
413389 517
413495 517
413601 515
413708 518
413814 516
413920 512
414028 514
414134 514
414240 516
414347 522
414453 512
414559 523
414666 514
414772 518
414878 513
414986 518
415092 518
415198 524
415305 520
415411 517
415517 515
415624 487
415730 517
415836 513
415943 517
416050 517
416157 514
416263 516
416369 519
416476 515
416582 515
416688 514
416795 517
416901 516
417008 515
417115 508
417221 522
417327 514
417434 516
417540 516
417646 518
417753 514
417859 517
417965 514
418073 553
418179 516
418286 515
418392 517
418498 529
418605 518
418711 518
418817 515
418924 539
419031 516
419137 515
419244 515
419350 518
419456 517
419563 511
419669 516
419775 515
419882 512
419989 513
420095 517
420202 517
420308 513
420414 516
420521 511
420627 517
420733 516
420840 516
420946 516
421054 514
421160 514
421266 519
421373 605
421479 516
421585 515
421692 518
421798 529
421904 519
422012 516
422118 518
422224 457
422331 519
422437 517
422543 514
422650 513
422756 519
422862 515
422969 516
423076 513
423182 516
423289 516
423395 507
423501 516
423608 514
423714 516
423820 514
423927 515
424034 516
424141 516
424247 522
424353 514
424460 513
424566 518
424672 513
424779 514
424885 516
424992 522
425099 517
425205 525
425311 520
425418 514
425524 516
425630 507
425737 514
425843 515
425949 516
426057 516
426163 515
426270 516
426376 519
426482 516
426589 515
426695 516
426801 516
426908 514
427015 515
427121 515
427228 517
427334 516
427440 522
427547 519
427653 519
427759 512
427866 518
427972 510
428079 515
428186 517
428292 516
428398 486
428505 514
428611 516
428717 514
428824 500
428930 522
429038 517
429144 520
429250 517
429357 515
429463 515
429569 513
429676 518
429782 516
429888 513
429996 521
430102 513
430208 516
430315 518
430421 509
430527 514
430634 516
430740 514
430846 518
430953 517
431060 514
431166 517
431273 537
431379 515
431485 515
431592 517
431698 473
431804 517
431911 518
432018 517
432125 521
432231 515
432337 515
432444 516
432550 516
432656 517
432763 517
432869 515
432975 507
433083 517
433189 512
433295 517
433402 518
433508 517
433614 518
433721 518
433827 515
433933 515
434041 517
434147 665
434254 518
434360 517
434466 517
434573 495
434679 514
434785 516
434892 517
434999 466
435105 518
435212 515
435318 519
435424 504
435531 515
435637 518
435743 528
435850 508
435956 516
436064 518
436170 529
436276 515
436383 517
436489 519
436596 522
436702 518
436809 515
436915 518
437023 435
437129 514
437235 515
437342 517
437448 486
437555 516
437661 516
437768 517
437874 479
437980 513
438088 511
438194 519
438301 511
438407 514
438514 514
438620 510
438727 513
438833 516
438939 514
439047 418
439153 516
439260 517
439366 514
439473 552
439579 520
439686 516
439792 518
439898 468
440006 516
440112 517
440219 516
440325 517
440432 509
440538 518
440645 514
440751 518
440857 517
440964 518
441071 517
441178 516
441284 590
441391 516
441497 519
441604 518
441710 518
441816 517
441923 498
442030 518
442137 518
442243 518
442350 516
442456 517
442563 517
442669 525
442775 542
442882 519
442989 516
443096 520
443202 519
443309 517
443415 515
443522 519
443628 523
443734 515
443841 517
443947 515
444055 516
444161 515
444268 515
444374 520
444481 517
444587 510
444693 515
444800 459
444906 519
445014 521
445120 517
445227 516
445333 517
445440 517
445546 513
445652 516
445759 516
445865 515
445972 516
446079 515
446186 512
446292 514
446399 403
446505 518
446611 517
446718 519
446824 517
446931 516
447038 508
447145 508
447251 518
447358 516
447464 517
447570 516
447677 504
447783 516
447890 516
447997 542
448104 519
448210 516
448317 516
448423 507
448529 519
448636 519
448742 518
448849 518
448955 514
449063 517
449169 510
449276 513
449382 516
449488 516
449595 519
449701 650
449808 515
449914 516
450022 575
450128 513
450235 517
450341 515
450447 520
450554 516
450660 516
450767 519
450873 532
450980 516
451087 517
451194 516
451300 516
451406 517
451513 513
451619 506
451726 516
451832 511
451939 516
452046 514
452153 516
452259 519
452365 516
452472 523
452578 516
452685 515
452791 517
452898 514
453005 514
453112 517
453218 516
453324 491
453431 516
453537 515
453644 525
453750 505
453857 517
453963 517
454071 517
454177 518
454283 516
454390 524
454496 606
454603 517
454709 516
454816 519
454922 514
455030 516
455136 516
455242 516
455349 517
455455 517
455562 516
455668 518
455775 544
455881 516
455989 516
456095 513
456201 515
456308 515
456414 514
456521 518
456627 515
456734 516
456840 516
456946 518
457054 518
457160 515
457267 518
457373 572
457480 517
457586 519
457693 514
457799 516
457905 517
458013 515
458119 520
458226 516
458332 514
458439 513
458545 512
458652 514
458758 517
458864 516
458971 518
459078 518
459185 516
459291 517
459398 574
459504 516
459611 516
459717 518
459823 522
459930 521
460037 518
460144 507
460250 517
460357 514
460463 516
460570 514
460676 518
460782 518
460889 517
460996 518
461103 517
461209 517
461316 520
461422 532
461529 517
461635 516
461741 517
461848 496
461954 515
462062 516
462168 505
462275 516
462381 513
462488 518
462594 519
462700 516
462807 518
462913 516
463021 519
463127 512
463234 515
463340 516
463447 455
463553 520
463659 516
463766 516
463872 524
463979 517
464086 516
464192 515
464298 508
464405 517
464511 518
464618 522
464724 516
464831 517
464937 516
465045 522
465151 516
465257 517
465364 513
465470 520
465577 515
465683 517
465790 514
465896 383
466004 515
466110 511
466216 515
466323 616
466429 516
466536 515
466642 519
466749 514
466855 517
466961 516
467069 516
467175 516
467282 516
467388 515
467495 517
467601 515
467708 517
467814 518
467920 508
468028 517
468134 516
468241 517
468347 560
468454 516
468560 518
468667 521
468773 450
468879 517
468987 516
469093 512
469200 516
469306 517
469413 516
469519 511
469626 515
469732 518
469838 516
469945 513
470052 518
470159 514
470265 517
470372 438
470478 495
470585 517
470691 512
470797 491
470904 516
471011 518
471118 517
471224 516
471331 518
471437 534
471544 517
471650 516
471756 518
471863 517
471969 515
472077 519
472183 516
472290 515
472396 537
472503 515
472609 516
472715 514
472822 541
472928 518
473036 508
473142 518
473249 515
473355 516
473462 516
473568 526
473674 515
473781 515
473887 516
473995 515
474101 518
474208 529
474314 518
474421 519
474527 513
474633 517
474740 515
474846 572
474953 517
475060 516
475167 517
475273 514
475380 521
475486 516
475592 521
475699 514
475805 517
475912 516
476019 508
476126 515
476232 514
476339 519
476445 509
476551 518
476658 518
476764 520
476871 555
476977 515
477085 519
477191 515
477298 516
477404 516
477510 516
477617 516
477723 518
477830 516
477936 518
478044 504
478150 517
478257 517
478363 517
478469 518
478576 517
478682 516
478789 514
478895 506
479003 512
479109 517
479216 517
479322 511
479428 517
479535 516
479641 522
479748 515
479854 515
479961 517
480068 525
480175 514
480281 518
480387 519
480494 524
480600 518
480707 521
480813 518
480920 507
481027 517
481134 515
481240 515
481346 448
481453 520
481559 518
481666 516
481772 500
481879 517
481986 518
482093 516
482199 514
482305 519
482412 517
482518 515
482625 519
482731 515
482838 518
482944 518
483052 518
483158 517
483264 517
483371 526
483477 515
483584 517
483690 517
483797 567
483903 514
484011 517
484117 516
484223 420
484330 515
484436 517
484543 515
484649 516
484756 517
484862 515
484968 512
485076 516
485182 516
485289 517
485395 572
485502 517
485608 517
485715 517
485821 562
485927 516
486035 517
486141 516
486248 518
486354 516
486461 517
486567 518
486674 514
486780 516
486886 515
486994 516
487100 516
487207 521
487313 516
487420 515
487526 520
487633 516
487739 518
487845 515
487952 516
488059 519
488166 516
488272 635
488379 515
488485 516
488592 508
488698 527
488804 517
488911 516
489018 519
489125 516
489231 518
489338 517
489444 515
489551 446
489657 516
489763 506
489870 515
489976 516
490084 517
490190 516
490297 455
490403 517
490510 516
490616 525
490722 515
490829 519
490935 519
491043 511
491149 510
491256 516
491362 516
491469 522
491575 452
491681 518
491788 518
491894 517
492002 517
492108 518
492215 515
492321 517
492428 513
492534 518
492640 516
492747 509
492853 518
492960 507
493067 516
493174 520
493280 522
493387 515
493493 515
493599 517
493706 516
493812 516
493919 518
494026 518
494133 515
494239 517
494346 486
494452 518
494558 516
494665 518
494771 519
494878 516
494985 516
495092 518
495198 515
495305 516
495411 508
495517 516
495624 518
495730 515
495837 517
495943 515
496051 517
496157 517
496264 518
496370 524
496476 519
496583 518
496689 518
496796 515
496902 518
497010 516
497116 516
497223 516
497329 517
497435 518
497542 517
497648 515
497755 516
497861 515
497968 518
498075 518
498182 519
498288 516
498394 517
498501 492
498607 515
498714 519
498820 516
498927 517
499034 514
499141 516
499247 505
499353 517
499460 517
499566 516
499673 643
499779 523
499886 516
499993 520
500100 518
500206 518
500312 521
500419 511
500525 517
500632 515
500738 516
500845 515
500951 516
501059 502
501165 517
501271 520
501378 519
501484 517
501591 515
501697 517
501804 514
501910 512
502018 515
502124 522
502230 516
502337 515
502443 515
502550 515
502656 516
502763 515
502869 517
502975 521
503083 517
503189 518
503296 545
503402 515
503509 514
503615 516
503722 518
503828 515
503934 517
504042 518
504148 516
504255 519
504361 514
504468 514
504574 500
504681 517
504787 515
504893 516
505001 517
505107 515
505214 517
505320 522
505427 517
505533 517
505640 520
505746 519
505852 518
505959 516
506066 518
506173 515
506279 512
506386 517
506492 514
506599 541
506705 515
506811 517
506918 518
507025 515
507132 517
507238 519
507345 516
507451 517
507558 516
507664 516
507770 520
507877 517
507984 515
508091 519
508197 501
508304 517
508410 517
508517 519
508623 510
508729 516
508836 516
508942 514
509050 516
509156 517
509263 515
509369 514
509476 516
509582 517
509688 527
509795 519
509901 517
510009 515
510115 520
510222 513
510328 516
510435 515
510541 517
510647 516
510754 516
510860 516
510967 517
511074 515
511181 516
511287 519
511394 508
511500 515
511606 516
511713 517
511819 515
511926 516
512033 520
512140 515
512246 552
512353 517
512459 513
512565 515
512672 505
512778 515
512885 518
512992 518
513099 514
513205 518
513312 516
513418 517
513524 494
513631 517
513737 519
513844 518
513950 517
514058 517
514164 518
514271 607
514377 516
514483 519
514590 517
514696 505
514803 516
514909 517
515017 519
515123 518
515230 517
515336 516
515442 508
515549 521
515655 517
515762 518
515868 517
515975 516
516082 516
516189 516
516295 518
516401 517
516508 519
516614 520
516721 522
516827 516
516934 518
517041 496
517148 500
517254 518
517360 570
517467 519
517573 515
517680 517
517786 517
517893 515
518000 518
518107 516
518213 517
518319 662
518426 516
518532 517
518639 517
518745 519
518852 516
518958 517
519066 519
519172 515
519278 514
519385 517
519491 520
519598 586
519704 507
519811 518
519917 516
520025 517
520131 518
520237 517
520344 513
520450 517
520557 518
520663 518
520770 520
520876 517
520984 516
521091 518
521197 515
521303 516
521410 512
521516 517
521623 460
521729 513
521836 515
521942 513
522050 517
522156 516
522262 517
522369 517
522475 518
522582 516
522688 518
522795 508
522901 519
523009 518
523115 515
523221 485
523328 516
523434 514
523541 519
523647 561
523754 518
523860 517
523966 518
524074 515
524180 515
524287 516
524393 515
524500 515
524606 516
524713 518
524819 516
524925 525
525033 516
525139 515
525246 455
525352 518
525459 509
525565 518
525672 526
525778 517
525884 516
525992 523
526098 521
526205 518
526311 516
526418 515
526524 518
526631 516
526737 516
526843 516
526950 516
527057 519
527164 517
527270 510
527377 519
527483 518
527590 515
527696 526
527802 515
527909 518
528016 531
528123 517
528229 519
528336 518
528442 518
528549 470
528655 517
528761 515
528868 514
528974 516
529082 517
529188 516
529295 518
529401 519
529508 517
529614 514
529720 521
529827 517
529933 515
530041 518
530147 517
530254 517
530360 511
530467 517
530573 337
530679 516
530786 518
530892 517
531000 519
531106 509
531213 518
531319 515
531426 520
531532 517
531638 517
531745 517
531851 515
531958 518
532065 515
532172 551
532278 518
532385 515
532491 521
532597 546
532704 516
532810 518
532917 518
533024 517
533131 524
533237 515
533344 515
533450 516
533556 518
533663 518
533769 515
533876 517
533983 513
534090 516
534197 516
534303 514
534410 515
534516 518
534622 519
534729 515
534835 513
534942 515
535049 519
535156 517
535262 516
535369 519
535475 520
535581 519
535688 517
535794 518
535901 539
536008 517
536115 517
536221 520
536328 512
536434 517
536540 520
536647 517
536753 518
536860 518
536966 517
537074 557
537180 516
537287 518
537393 518
537499 620
537606 517
537712 514
537819 516
537925 517
538033 516
538139 506
538246 484
538352 515
538458 517
538565 515
538671 533
538778 516
538884 517
538992 508
539098 518
539205 519
539311 515
539417 512
539524 517
539630 514
539737 516
539843 517
539950 516
540057 516
540164 516
540270 511
540376 519
540483 518
540589 516
540696 513
540802 517
540909 516
541016 513
541123 477
541229 511
541335 517
541442 517
541548 516
541655 516
541761 518
541868 516
541974 519
542082 519
542188 518
542294 441
542401 517
542507 516
542614 516
542720 526
542827 517
542933 526
543041 518
543147 515
543253 517
543360 517
543466 517
543573 544
543679 515
543786 515
543892 516
544000 515
544106 516
544212 513
544319 522
544425 518
544532 520
544638 517
544745 521
544851 498
544957 517
545065 517
545171 517
545278 520
545384 517
545491 519
545597 503
545704 556
545810 519
545916 517
546024 518
546130 517
546237 518
546343 519
546450 511
546556 518
546663 514
546769 512
546875 513
546984 517
547091 528
547197 590
547304 515
547410 501
547516 517
547623 515
547729 516
547836 518
547942 516
548050 517
548156 518
548263 516
548369 529
548475 517
548582 516
548688 517
548795 513
548901 517
549009 516
549115 515
549222 518
549328 515
549434 516
549541 517
549647 492
549754 515
549860 515
549967 516
550074 516
550181 518
550287 517
550393 521
550500 494
550606 517
550713 518
550819 515
550926 516
551033 514
551140 517
551246 515
551352 522
551459 512
551565 520
551672 522
551778 518
551885 517
551992 512
552099 517
552205 517
552311 514
552418 509
552524 516
552631 515
552737 517
552844 518
552950 515
553058 517
553164 516
553270 516
553377 533
553483 519
553590 516
553696 519
553803 520
553909 518
554017 521
554123 518
554229 519
554336 517
554442 513
554549 518
554655 519
554762 520
554868 518
554974 519
555082 518
555188 518
555295 516
555401 517
555508 518
555614 516
555721 523
555827 516
555933 517
556041 521
556147 512
556254 514
556360 518
556467 515
556573 518
556680 519
556786 517
556892 517
557000 521
557106 517
557213 515
557319 523
557426 514
557532 513
557639 517
557745 517
557851 521
557958 518
558065 506
558172 518
558278 526
558385 514
558491 517
558598 517
558704 515
558810 516
558917 517
559024 514
559131 516
559237 514
559344 508
559450 516
559557 518
559663 520
559769 520
559876 517
559984 518
560091 511
560197 515
560303 516
560410 509
560516 516
560623 539
560729 517
560836 511
560942 518
561050 515
561156 516
561262 516
561369 517
561475 516
561582 516
561688 518
561795 522
561901 515
562009 517
562115 517
562221 498
562328 518
562434 517
562541 517
562647 521
562754 516
562860 516
562966 516
563074 518
563180 516
563287 518
563393 537
563500 516
563606 516
563713 514
563819 512
563925 517
564033 517
564139 514
564246 513
564352 516
564459 516
564565 519
564672 466
564778 517
564884 517
564992 517
565098 514
565205 517
565311 519
565418 520
565524 514
565631 518
565737 518
565843 517
565950 512
566057 519
566164 516
566270 520
566377 516
566483 516
566590 518
566696 577
566802 517
566909 519
567016 513
567123 516
567229 517
567336 526
567442 517
567549 519
567655 520
567761 516
567868 516
567974 516
568082 515
568188 518
568295 571
568401 527
568508 517
568614 516
568720 534
568827 516
568933 516
569041 519
569147 516
569254 516
569360 515
569467 517
569573 514
569679 518
569786 517
569892 511
570000 519
570106 518
570213 519
570319 524
570426 515
570532 515
570638 518
570745 516
570851 517
570958 518
571065 515
571172 499
571278 517
571385 517
571491 516
571597 514
571704 517
571810 515
571917 515
572024 514
572131 514
572237 515
572344 472
572450 515
572556 525
572663 518
572769 518
572876 520
572984 516
573091 518
573197 516
573304 515
573410 515
573517 516
573623 514
573729 515
573836 516
573942 515
574050 515
574156 516
574263 517
574369 519
574476 514
574582 516
574688 518
574795 514
574901 516
575009 516
575115 519
575222 517
575328 517
575435 517
575541 518
575647 613
575754 515
575860 517
575967 515
576074 519
576181 516
576287 517
576394 525
576500 517
576606 517
576713 516
576819 508
576926 519
577033 517
577140 501
577246 658
577353 516
577459 517
577565 515
577672 517
577778 517
577885 517
577992 617
578099 516
578205 517
578312 516
578418 556
578524 516
578631 516
578737 515
578844 525
578950 517
579058 514
579164 514
579271 508
579377 517
579483 511
579590 517
579696 560
579803 517
579909 517
580017 517
580123 516
580230 515
580336 519
580442 511
580549 521
580655 525
580762 517
580868 516
580975 516
581082 517
581189 517
581295 518
581401 514
581508 516
581614 516
581721 526
581827 518
581934 519
582041 524
582148 518
582254 518
582360 515
582467 521
582573 517
582680 516
582786 516
582893 522
583000 523
583107 517
583213 517
583319 525
583426 516
583532 521
583639 516
583745 552
583852 517
583958 516
584066 518
584172 516
584278 514
584385 517
584491 515
584598 459
584704 516
584811 513
584917 516
585025 517
585131 505
585237 482
585344 513
585450 518
585557 515
585663 523
585770 515
585876 518
585984 517
586091 510
586197 455
586303 512
586410 516
586516 513
586623 516
586729 514
586836 514
586942 515
587050 517
587156 521
587262 517
587369 599
587475 515
587582 516
587688 515
587795 523
587901 516
588009 513
588115 525
588221 513
588328 516
588434 518
588541 516
588647 575
588754 517
588860 516
588966 517
589074 517
589180 515
589287 515
589393 509
589500 518
589606 516
589713 514
589819 516
589925 510
590033 516
590139 516
590246 522
590352 509
590459 510
590565 517
590672 542
590778 517
590884 518
590992 555
591098 517
591205 524
591311 513
591418 516
591524 518
591631 516
591737 517
591843 506
591950 515
592057 517
592164 516
592270 493
592377 516
592483 517
592590 519
592696 452
592802 517
592909 517
593016 519
593123 517
593229 518
593336 516
593442 518
593549 515
593655 518
593761 515
593868 517
593974 516
594082 517
594188 517
594295 554
594401 516
594508 517
594614 518
594720 520
594827 518
594933 517
595041 526
595147 505
595254 517
595360 515
595467 515
595573 516
595679 515
595786 519
595892 520
596000 516
596106 518
596213 516
596319 516
596426 518
596532 515
596638 517
596745 521
596851 516
596958 518
597065 518
597172 517
597278 517
597385 518
597491 517
597597 543
597704 516
597810 515
597917 512
598024 515
598131 517
598237 517
598344 509
598450 516
598556 515
598663 517
598769 511
598876 520
598983 516
599090 515
599197 517
599303 515
599410 516
599516 516
599622 555
599729 515
599835 515
599942 517
600049 516
600156 520
600262 519
600369 531
600475 516
600581 518
600688 518
600794 520
600901 518
601008 518
601115 517
601221 474
601328 516
601434 516
601540 516
601647 509
601753 516
601860 514
601966 516
602074 517
602180 518
602287 520
602393 540
602499 516
602606 516
602712 514
602819 513
602925 515
603033 517
603139 526
603246 517
603352 516
603458 517
603565 516
603671 542
603778 515
603884 516
603992 499
604098 515
604205 513
604311 517
604417 521
604524 514
604630 518
604737 514
604843 515
604950 520
605057 516
605164 522
605270 517
605376 518
605483 516
605589 515
605696 516
605802 514
605909 516
606016 511
606123 516
606229 517
606335 515
606442 560
606548 511
606655 516
606761 515
606868 530
606974 515
607082 515
607188 515
607294 515
607401 511
607507 517
607614 513
607720 518
607827 515
607933 527
608041 514
608147 516
608253 517
608360 516
608466 582
608573 520
608679 516
608786 517
608892 541
609000 516
609106 517
609212 517
609319 516
609425 512
609532 516
609638 516
609745 518
609851 516
609957 516
610065 525
610171 516
610278 517
610384 517
610491 512
610597 517
610704 516
610810 517
610916 527
611024 517
611130 521
611237 516
611343 545
611450 524
611556 518
611663 519
611769 515
611875 516
611984 519
612091 523
612197 516
612304 519
612410 517
612516 517
612623 516
612729 517
612836 518
612942 516
613050 517
613156 516
613263 516
613369 529
613475 518
613582 517
613688 517
613795 517
613901 514
614009 517
614115 525
614222 519
614328 516
614434 516
614541 526
614647 524
614754 516
614860 518
614967 515
615074 509
615181 521
615287 516
615393 514
615500 515
615606 516
615713 515
615819 517
615926 518
616033 519
616140 517
616246 579
616352 509
616459 516
616565 512
616672 517
616778 518
616885 511
616992 554
617099 517
617205 512
617311 519
617418 480
617524 515
617631 518
617737 515
617844 521
617950 519
618058 520
618164 516
618270 512
618377 517
618483 517
618590 517
618696 525
618803 515
618909 518
619017 551
619123 518
619229 516
619336 517
619442 509
619549 517
619655 517
619762 517
619868 516
619974 516
620082 515
620188 513
620295 515
620401 524
620508 515
620614 512
620721 520
620827 516
620933 516
621041 415
621147 518
621254 516
621360 520
621467 530
621573 516
621680 518
621786 526
621892 522
622000 518
622106 521
622213 515
622319 517
622426 517
622532 518
622639 520
622745 515
622851 516
622958 516
623065 519
623172 515
623278 518
623385 516
623491 540
623598 517
623704 526
623810 517
623917 535
624024 517
624131 518
624237 515
624344 518
624450 518
624557 518
624663 528
624769 515
624876 517
624984 515
625091 518
625197 515
625303 518
625410 516
625516 579
625623 518
625729 517
625836 519
625942 511
626050 518
626156 516
626262 517
626369 517
626475 515
626582 517
626688 516
626795 517
626901 515
627009 472
627115 512
627221 517
627328 462
627434 517
627541 452
627647 522
627754 519
627860 517
627966 514
628074 518
628180 517
628287 517
628393 512
628500 518
628606 510
628713 516
628819 517
628925 517
629033 513
629139 525
629246 516
629352 520
629459 514
629565 524
629672 517
629778 518
629884 516
629992 521
630098 519
630205 517
630311 516
630418 450
630524 518
630631 516
630737 523
630843 517
630950 516
631057 516
631164 520
631270 515
631377 517
631483 516
631590 523
631696 517
631802 521
631909 517
632016 454
632123 516
632229 517
632336 518
632442 584
632549 515
632655 516
632761 515
632868 515
632974 516
633082 516
633188 520
633295 518
633401 519
633508 517
633614 516
633720 456
633827 517
633933 517
634041 513
634147 510
634254 516
634360 516
634467 506
634573 516
634679 518
634786 515
634892 517
635000 516
635106 516
635213 518
635319 515
635426 516
635532 515
635638 517
635745 509
635851 517
635958 514
636065 511
636172 515
636278 520
636385 516
636491 507
636597 517
636704 522
636810 519
636917 514
637024 516
637131 515
637237 518
637344 604
637450 517
637556 517
637663 516
637769 475
637876 515
637984 520
638091 477
638197 514
638304 515
638410 512
638517 473
638623 515
638729 514
638836 515
638942 516
639050 517
639156 521
639263 511
639369 509
639476 536
639582 514
639688 519
639795 463
639901 517
640009 516
640115 518
640222 518
640328 518
640435 515
640541 519
640647 517
640754 519
640860 506
640967 517
641074 515
641181 516
641287 516
641394 517
641500 517
641606 518
641713 517
641819 499
641926 515
642033 518
642140 524
642246 518
642353 520
642459 516
642565 513
642672 516
642778 516
642885 519
642992 498
643099 517
643205 515
643312 517
643418 521
643524 514
643631 517
643737 518
643844 516
643950 515
644058 515
644164 516
644271 515
644377 516
644483 519
644590 518
644696 536
644803 517
644909 519
645017 513
645123 518
645230 518
645336 517
645442 508
645549 519
645655 515
645762 518
645868 512
645975 517
646082 516
646189 494
646295 638
646401 515
646508 516
646614 516
646721 515
646827 526
646934 518
647041 518
647148 514
647254 515
647360 517
647467 353
647573 517
647680 516
647786 513
647893 520
648000 515
648107 518
648213 516
648319 522
648426 518
648532 516
648639 519
648745 463
648852 515
648958 517
649066 514
649172 521
649278 517
649385 516
649491 491
649598 515
649704 517
649811 516
649917 521
650025 517
650131 516
650237 554
650344 517
650450 518
650557 519
650663 518
650770 451
650876 515
650984 521
651091 471
651197 515
651303 516
651410 515
651516 514
651623 514
651729 512
651836 516
651942 516
652050 515
652156 513
652262 515
652369 611
652475 516
652582 515
652688 516
652795 517
652901 517
653009 520
653115 421
653221 517
653328 515
653434 517
653541 599
653647 518
653754 516
653860 517
653966 518
654074 518
654180 517
654287 516
654393 521
654500 516
654606 518
654712 515
654819 518
654925 515
655032 518
655138 518
655245 504
655351 516
655457 517
655564 516
655670 512
655776 512
655882 513
655990 574
656096 516
656202 517
656309 519
656415 546
656521 517
656628 517
656734 518
656840 515
656946 517
657054 515
657160 514
657266 505
657373 574
657479 516
657585 516
657692 523
657798 513
657904 515
658012 514
658118 511
658224 517
658330 515
658437 516
658543 527
658649 516
658756 516
658862 517
658968 517
659076 517
659182 517
659288 525
659394 516
659501 518
659607 517
659713 515
659820 530
659926 515
660033 516
660140 613
660246 517
660352 519
660458 517
660565 505
660671 514
660777 516
660884 517
660991 498
661097 514
661204 513
661310 515
661416 515
661522 515
661629 514
661735 513
661841 517
661948 517
662055 517
662161 515
662268 515
662374 518
662480 519
662586 519
662693 522
662799 514
662905 518
663013 520
663119 517
663225 517
663331 517
663438 517
663544 551
663650 515
663757 517
663863 516
663969 517
664077 516
664183 515
664289 515
664395 374
664502 516
664608 518
664714 519
664821 508
664927 517
665034 516
665141 516
665247 514
665353 522
665459 515
665566 516
665672 515
665778 514
665885 517
665992 590
666098 514
666205 516
666311 517
666417 528
666523 515
666630 514
666736 516
666842 514
666949 517
667056 514
667162 518
667269 504
667375 514
667481 518
667587 516
667694 511
667800 517
667906 518
668014 518
668120 516
668226 515
668333 518
668439 521
668545 519
668651 523
668758 515
668864 466
668970 519
669078 515
669184 515
669290 427
669397 519
669503 517
669609 514
669715 511
669822 515
669928 517
670035 515
670142 521
670248 517
670354 516
670461 523
670567 509
670673 516
670779 522
670886 516
670993 516
671099 516
671206 517
671312 519
671418 519
671524 516
671631 495
671737 512
671843 519
671950 524
672057 513
672163 523
672270 520
672376 517
672482 517
672588 514
672695 517
672801 512
672907 516
673015 474
673121 513
673227 517
673334 519
673440 519
673546 516
673652 515
673759 516
673865 516
673971 514
674079 517
674185 517
674291 508
674398 518
674504 516
674610 519
674716 525
674823 515
674929 521
675036 513
675143 514
675249 516
675355 519
675462 517
675568 493
675674 514
675780 515
675887 516
675994 518
676100 518
676207 518
676313 517
676419 502
676526 518
676632 518
676738 517
676844 521
676951 517
677058 515
677164 550
677271 516
677377 516
677483 517
677590 521
677696 516
677802 513
677908 516
678016 468
678122 511
678228 516
678335 516
678441 524
678547 514
678654 515
678760 511
678866 510
678972 516
679080 517
679186 515
679292 548
679399 516
679505 515
679611 519
679717 558
679824 515
679930 514
680037 507
680144 517
680250 516
680356 515
680463 524
680569 516
680675 516
680781 520
680888 516
680995 540
681101 515
681208 514
681314 517
681420 515
681527 490
681633 514
681739 515
681845 516
681952 517
682059 517
682165 519
682272 517
682378 517
682484 518
682591 509
682697 516
682803 516
682909 516
683017 515
683123 515
683229 518
683336 516
683442 515
683548 515
683655 517
683761 517
683867 477
683973 518
684081 516
684187 522
684293 514
684400 518
684506 516
684612 517
684719 574
684825 451
684931 517
685039 515
685145 433
685251 515
685357 515
685464 516
685570 514
685676 517
685783 513
685889 516
685996 517
686103 517
686209 517
686315 495
686421 517
686528 509
686634 517
686740 517
686847 519
686953 514
687060 517
687166 512
687273 515
687379 514
687485 516
687592 519
687698 521
687804 513
687910 516
688018 582
688124 510
688230 516
688337 517
688443 520
688549 517
688656 515
688762 516
688868 516
688974 515
689082 516
689188 510
689294 513
689401 514
689507 513
689613 515
689720 517
689826 517
689932 515
690040 509
690146 515
690252 513
690358 516
690465 516
690571 516
690677 517
690784 518
690890 525
690997 515
691104 519
691210 518
691316 511
691422 514
691529 515
691635 519
691741 518
691848 516
691954 517
692061 510
692168 516
692274 516
692380 516
692486 514
692593 442
692699 514
692805 518
692912 511
693019 515
693125 514
693232 511
693338 516
693444 515
693550 512
693657 514
693763 515
693869 515
693976 515
694083 518
694189 517
694296 517
694402 517
694508 515
694614 515
694721 518
694827 515
694933 519
695041 525
695147 520
695253 524
695359 515
695466 531
695572 521
695678 515
695785 515
695891 517
695998 516
696105 516
696211 514
696317 516
696423 517
696530 518
696636 516
696742 527
696849 517
696955 517
697062 514
697169 467
697275 514
697381 514
697487 515
697594 552
697700 514
697806 513
697913 513
698020 516
698126 515
698233 513
698339 538
698445 516
698551 518
698658 516
698764 510
698870 531
698977 526
699084 510
699190 594
699297 517
699403 518
699509 519
699615 523
699722 511
699828 516
699934 515
700042 514
700148 516
700254 518
700361 516
700467 525
700573 515
700679 517
700786 517
700892 521
700999 514
701106 516
701212 526
701318 515
701425 514
701531 514
701637 517
701743 512
701850 516
701956 517
702063 633
702170 515
702276 517
702382 517
702489 514
702595 516
702701 527
702807 517
702914 518
703021 515
703127 517
703234 520
703340 521
703446 515
703552 514
703659 525
703765 521
703871 508
703978 516
704085 515
704191 514
704298 515
704404 513
704510 511
704616 483
704723 513
704829 522
704935 515
705043 519
705149 503
705255 520
705362 516
705468 541
705574 518
705680 519
705787 511
705893 453
706000 516
706107 533
706213 519
706319 527
706426 518
706532 515
706638 513
706744 509
706851 519
706957 515
707064 497
707171 519
707277 516
707383 515
707490 513
707596 517
707702 514
707808 516
707915 518
708022 515
708128 516
708235 514
708341 516
708447 517
708554 515
708660 515
708766 516
708872 514
708979 513
709085 508
709192 515
709298 516
709404 514
709510 516
709617 516
709723 517
709829 513
709936 515
710043 513
710149 516
710256 516
710362 519
710468 517
710574 515
710681 517
710787 517
710893 517
711001 516
711107 520
711213 535
711320 515
711426 516
711532 514
711638 448
711745 516
711851 516
711957 516
712065 399
712171 515
712277 514
712384 514
712490 614
712596 513
712702 516
712809 517
712915 500
713022 517
713129 508
713235 515
713341 515
713448 516
713554 514
713660 517
713766 519
713873 517
713979 516
714085 512
714192 516
714298 518
714404 518
714511 518
714617 516
714723 515
714829 515
714936 516
715043 517
715149 513
715256 518
715362 519
715468 516
715575 517
715681 516
715787 524
715893 515
716001 514
716107 514
716213 525
716320 514
716426 514
716532 512
716639 529
716745 514
716851 515
716957 490
717065 451
717171 518
717277 516
717384 515
717490 534
717596 525
717703 518
717809 514
717915 512
718022 515
718129 515
718235 508
718341 514
718448 513
718554 524
718660 525
718766 517
718873 519
718979 518
719085 514
719192 517
719298 516
719404 518
719511 520
719617 515
719723 516
719829 517
719936 515
720043 516
720149 516
720256 516
720362 524
720468 518
720575 513
720681 511
720787 504
720893 515
721001 517
721107 516
721213 548
721320 515
721426 515
721532 516
721639 477
721745 514
721851 514
721957 516
722065 519
722171 517
722277 513
722384 519
722490 509
722596 517
722703 515
722809 518
722915 516
723023 516
723129 517
723235 523
723341 515
723448 516
723554 514
723660 506
723767 519
723873 516
723979 517
724085 514
724192 516
724298 514
724404 516
724511 521
724617 512
724723 516
724829 513
724936 516
725043 524
725149 515
725256 515
725362 519
725468 515
725575 514
725681 517
725787 511
725893 516
726001 516
726107 517
726213 532
726320 516
726426 515
726532 516
726639 571
726745 516
726851 518
726957 515
727065 508
727171 517
727277 516
727384 517
727490 513
727596 516
727703 517
727809 479
727915 515
728023 516
728129 515
728235 525
728341 518
728448 517
728554 516
728660 518
728767 578
728873 516
728979 516
729085 517
729192 513
729298 516
729404 516
729511 530
729617 508
729723 514
729829 518
729936 514
730043 515
730149 515
730256 514
730362 512
730468 418
730575 530
730681 515
730787 516
730893 517
731001 515
731107 517
731213 567
731320 516
731426 516
731532 516
731639 510
731745 517
731851 517
731957 516
732065 512
732171 517
732277 517
732384 511
732490 516
732596 515
732703 515
732809 517
732915 516
733023 516
733129 518
733235 517
733341 555
733448 512
733554 515
733660 517
733767 443
733873 520
733979 516
734085 523
734192 514
734298 513
734404 516
734511 517
734617 515
734723 515
734829 510
734936 517
735043 514
735149 518
735256 515
735362 516
735468 516
735575 514
735681 513
735787 517
735893 514
736001 516
736107 516
736213 513
736320 517
736426 517
736532 522
736639 522
736745 515
736851 515
736957 516
737065 514
737171 519
737277 516
737384 521
737490 517
737596 516
737703 509
737809 516
737915 515
738023 516
738129 515
738235 515
738341 517
738448 516
738554 516
738660 517
738767 515
738873 517
738979 517
739085 520
739192 487
739298 518
739404 515
739511 518
739617 462
739723 515
739829 514
739936 514
740043 515
740149 515
740256 514
740362 521
740468 517
740575 516
740681 515
740787 512
740893 513
741001 517
741107 521
741213 513
741320 515
741426 516
741532 516
741639 508
741745 518
741851 517
741957 516
742065 516
742171 517
742277 516
742384 517
742490 517
742596 517
742703 516
742809 515
742915 520
743023 515
743129 517
743235 517
743341 518
743448 516
743554 517
743660 518
743767 486
743873 516
743979 513
744085 523
744192 518
744298 514
744404 515
744511 515
744617 515
744723 516
744829 514
744936 511
745043 515
745149 516
745256 516
745362 518
745468 519
745575 514
745681 514
745787 510
745893 529
746001 516
746107 516
746213 491
746320 527
746426 516
746532 519
746639 511
746745 515
746851 517
746957 515
747065 516
747171 516
747277 520
747384 516
747490 475
747596 517
747703 516
747809 514
747915 516
748023 516
748129 517
748235 515
748341 539
748448 517
748554 516
748660 515
748767 460
748873 514
748979 516
749085 524
749192 516
749298 513
749404 512
749511 507
749617 514
749723 514
749829 515
749936 515
750043 515
750149 514
750256 512
750362 512
750468 516
750575 520
750681 515
750787 514
750893 512
751001 516
751107 518
751213 518
751320 517
751426 517
751532 510
751639 510
751745 515
751851 517
751957 516
752065 518
752171 518
752277 518
752384 512
752490 518
752596 519
752703 516
752809 514
752915 515
753023 517
753129 515
753235 515
753341 518
753448 516
753554 516
753660 515
753767 630
753873 513
753979 518
754085 520
754192 527
754298 516
754404 515
754511 511
754617 480
754723 518
754829 513
754936 515
755043 506
755149 516
755256 516
755362 556
755468 516
755575 514
755681 514
755787 515
755893 516
756001 516
756107 517
756213 582
756320 523
756426 517
756532 517
756639 517
756745 518
756851 517
756957 512
757065 518
757171 517
757277 515
757384 519
757490 506
757596 517
757703 515
757809 516
757915 516
758023 518
758129 515
758235 507
758341 516
758448 516
758554 516
758660 516
758767 523
758873 518
758979 513
759085 524
759192 516
759298 514
759404 516
759511 515
759617 565
759723 515
759829 517
759936 516
760043 513
760149 515
760256 515
760362 514
760468 514
760575 514
760681 508
760787 513
760893 516
761001 518
761107 516
761213 528
761320 516
761426 517
761532 512
761639 512
761745 514
761851 510
761957 516
762065 525
762171 517
762277 515
762384 519
762490 520
762596 516
762703 511
762809 515
762915 519
763023 515
763129 517
763235 516
763341 575
763448 512
763554 517
763660 516
763767 488
763873 515
763979 528
764085 515
764192 515
764298 514
764404 515
764511 506
764617 514
764723 516
764829 514
764936 517
765043 514
765149 500
765256 516
765362 504
765468 513
765575 518
765681 515
765787 514
765893 517
766001 511
766107 518
766213 506
766320 515
766426 518
766532 515
766639 519
766745 516
766851 518
766957 519
767065 515
767171 516
767277 517
767384 510
767490 517
767596 513
767703 517
767809 515
767915 509
768023 518
768129 518
768235 506
768341 516
768448 518
768554 517
768660 514
768767 527
768873 517
768979 515
769085 513
769192 500
769298 514
769404 513
769511 512
769617 401
769723 516
769829 515
769936 515
770043 515
770149 514
770256 511
770362 475
770468 517
770575 519
770681 515
770787 520
770893 515
771001 516
771107 518
771213 512
771320 516
771426 515
771532 516
771639 519
771745 517
771851 517
771957 516
772065 520
772171 516
772277 515
772384 517
772490 595
772596 515
772703 515
772809 519
772915 517
773023 513
773129 516
773235 515
773341 517
773448 516
773554 517
773660 517
773767 519
773873 516
773979 516
774085 512
774192 515
774298 525
774404 517
774511 516
774617 573
774723 513
774829 516
774936 517
775043 517
775149 513
775256 512
775362 513
775468 519
775575 512
775681 517
775787 519
775893 541
776001 516
776107 518
776213 489
776320 514
776426 517
776532 515
776639 509
776745 525
776851 517
776957 518
777065 520
777171 525
777277 517
777384 515
777490 526
777596 516
777703 518
777809 518
777915 518
778023 515
778129 520
778235 517
778341 516
778448 517
778554 516
778660 516
778767 513
778873 515
778979 519
779085 517
779192 518
779298 516
779404 523
779511 409
779617 516
779723 512
779829 515
779936 518
780043 514
780149 515
780256 516
780362 529
780468 516
780575 516
780681 515
780787 513
780893 518
781001 518
781107 512
781213 523
781320 520
781426 515
781532 516
781639 602
781745 513
781851 524
781957 517
782065 518
782171 517
782277 515
782384 514
782490 515
782596 516
782703 514
782809 518
782915 516
783023 515
783129 518
783235 507
783341 516
783448 515
783554 516
783660 516
783767 515
783873 515
783979 518
784085 388
784192 515
784298 513
784404 514
784511 515
784617 514
784723 513
784829 517
784936 516
785043 514
785149 514
785256 517
785362 545
785468 515
785575 517
785681 516
785787 512
785893 516
786001 516
786107 518
786213 515
786320 516
786426 516
786532 518
786639 418
786745 514
786851 518
786957 516
787065 517
787171 515
787277 513
787384 517
787490 568
787596 517
787703 517
787809 510
787915 516
788023 518
788129 516
788235 518
788341 519
788448 519
788554 516
788660 513
788767 516
788873 515
788979 517
789085 662
789192 515
789298 510
789404 514
789511 508
789617 514
789723 513
789829 530
789936 513
790043 513
790149 509
790256 516
790362 508
790468 512
790575 514
790681 516
790787 519
790893 515
791001 520
791107 519
791213 518
791320 515
791426 520
791532 517
791639 518
791745 515
791851 515
791957 517
792065 516
792171 515
792277 517
792384 516
792490 574
792596 517
792703 517
792809 527
792915 517
793023 522
793129 517
793235 516
793341 518
793448 519
793554 518
793660 516
793767 522
793873 515
793979 519
794085 483
794192 517
794298 515
794404 517
794511 538
794617 516
794723 514
794829 514
794936 514
795043 516
795149 514
795256 515
795362 483
795468 516
795575 515
795681 515
795787 514
795893 516
796001 515
796107 520
796213 510
796320 520
796426 518
796532 517
796639 518
796745 517
796851 517
796957 515
797065 518
797171 515
797277 516
797384 513
797490 517
797596 519
797703 517
797809 517
797915 516
798023 515
798129 516
798235 587
798341 515
798448 516
798554 517
798660 516
798767 516
798873 517
798979 513
799085 521
799192 516
799298 515
799404 516
799511 523
799617 515
799723 515
799829 516
799936 515
800043 516
800149 516
800256 514
800362 585
800468 515
800575 516
800681 517
800787 517
800893 514
801001 515
801107 509
801213 517
801320 516
801426 517
801532 516
801639 481
801745 513
801851 517
801957 516
802065 516
802171 516
802277 517
802384 516
802490 481
802596 517
802703 518
802809 516
802915 517
803023 517
803129 519
803235 454
803341 515
803448 515
803554 515
803660 516
803767 516
803873 514
803979 511
804085 505
804192 513
804298 515
804404 514
804511 515
804617 611
804723 515
804829 515
804936 515
805043 515
805149 517
805256 515
805362 519
805468 518
805575 516
805681 516
805787 515
805893 518
806001 518
806107 517
806213 523
806320 516
806426 514
806532 517
806639 509
806745 517
806851 511
806957 518
807065 519
807171 516
807277 519
807384 515
807490 473
807596 524
807703 514
807809 520
807915 513
808023 516
808129 517
808235 518
808341 496
808448 516
808554 515
808660 514
808767 612
808873 518
808979 514
809085 516
809192 484
809298 523
809404 516
809511 517
809617 480
809723 517
809829 512
809936 520
810043 515
810149 519
810256 513
810362 496
810468 516
810575 516
810681 514
810787 513
810893 517
811001 516
811107 515
811213 514
811320 518
811426 519
811532 515
811639 515
811745 514
811851 518
811957 515
812065 519
812171 515
812277 516
812384 526
812490 517
812596 517
812703 518
812809 520
812915 518
813023 513
813129 515
813235 484
813341 517
813448 516
813554 519
813660 515
813767 515
813873 516
813979 517
814085 485
814192 515
814298 511
814404 513
814511 520
814617 518
814723 514
814829 514
814936 516
815043 513
815149 514
815256 514
815362 513
815468 515
815575 516
815681 515
815787 522
815893 514
816001 516
816107 516
816213 517
816320 516
816426 521
816532 517
816639 536
816745 517
816851 517
816957 513
817065 516
817171 517
817277 517
817384 532
817490 506
817596 515
817703 518
817809 515
817915 517
818023 534
818129 516
818235 473
818341 514
818448 518
818554 517
818660 512
818767 517
818873 517
818979 522
819085 491
819192 513
819298 543
819404 515
819511 515
819617 517
819723 517
819829 516
819936 515
820043 516
820149 513
820256 513
820362 510
820468 516
820575 516
820681 515
820787 520
820893 514
821001 516
821107 520
821213 517
821320 517
821426 518
821532 523
821639 516
821745 515
821851 516
821957 509
822065 515
822171 517
822277 515
822384 518
822490 519
822596 520
822703 516
822809 517
822915 511
823023 515
823129 517
823235 524
823341 516
823448 516
823554 519
823660 524
823767 517
823873 515
823979 523
824085 487
824192 513
824298 515
824404 516
824511 529
824617 514
824723 512
824829 513
824936 517
825043 514
825149 503
825256 516
825362 512
825468 511
825575 516
825681 513
825787 448
825893 516
826001 516
826107 516
826213 555
826320 512
826426 514
826532 516
826639 501
826745 517
826851 517
826957 518
827065 516
827171 512
827277 517
827384 523
827490 518
827596 516
827703 516
827809 519
827915 517
828023 517
828129 517
828235 557
828341 517
828448 517
828554 522
828660 513
828767 515
828873 517
828979 519
829085 511
829192 518
829298 513
829404 515
829511 514
829617 514
829723 520
829829 513
829936 513
830043 516
830149 511
830256 514
830362 514
830468 516
830575 515
830681 504
830787 512
830893 515
831001 516
831107 520
831213 518
831320 516
831426 515
831532 516
831639 547
831745 516
831851 516
831957 516
832065 516
832171 521
832277 515
832384 516
832490 514
832596 516
832703 516
832809 514
832915 513
833023 518
833129 516
833235 505
833341 518
833448 514
833554 516
833660 568
833767 509
833873 521
833979 518
834085 465
834192 513
834298 515
834404 513
834511 447
834617 514
834723 516
834829 512
834936 517
835043 516
835149 513
835256 506
835362 514
835468 514
835575 513
835681 514
835787 517
835893 516
836001 516
836107 518
836213 517
836320 515
836426 511
836532 534
836639 517
836745 520
836851 516
836957 514
837065 518
837171 516
837277 518
837384 539
837490 516
837596 518
837703 512
837809 398
837915 513
838023 517
838129 519
838235 519
838341 518
838448 515
838554 517
838660 525
838767 523
838873 514
838979 514
839085 519
839192 515
839298 515
839404 521
839511 597
839617 514
839723 521
839829 516
839936 514
840043 520
840149 513
840256 514
840362 519
840468 507
840575 514
840681 515
840787 530
840893 517
841001 516
841107 508
841213 337
841320 514
841426 517
841532 523
841639 385
841745 515
841851 516
841957 516
842065 519
842171 513
842277 517
842384 425
842490 516
842596 518
842703 518
842809 516
842915 517
843023 513
843129 519
843235 498
843341 517
843448 517
843554 517
843660 526
843767 516
843873 516
843979 525
844085 563
844192 507
844298 514
844404 515
844511 512
844617 516
844723 516
844829 514
844936 520
845043 516
845149 510
845256 518
845362 516
845468 514
845575 517
845681 516
845787 555
845893 516
846001 516
846107 521
846213 516
846320 528
846426 516
846532 515
846639 530
846745 515
846851 515
846957 515
847065 519
847171 520
847277 515
847384 513
847490 516
847596 515
847703 517
847809 516
847915 523
848023 518
848129 515
848235 526
848341 515
848448 517
848554 519
848660 524
848767 515
848873 519
848979 526
849085 501
849192 514
849298 514
849404 515
849511 512
849617 514
849723 516
849829 515
849936 516
850043 515
850149 502
850256 519
850362 513
850468 513
850575 515
850681 515
850787 522
850893 513
851001 516
851107 520
851213 515
851320 515
851426 516
851532 523
851639 518
851745 513
851851 514
851957 518
852065 515
852171 515
852277 517
852384 517
852490 516
852596 518
852703 514
852809 526
852915 516
853023 517
853129 517
853235 512
853341 516
853448 521
853554 516
853660 521
853767 516
853873 518
853979 521
854085 500
854192 517
854298 517
854404 516
854511 505
854617 516
854723 513
854829 520
854936 517
855043 517
855149 518
855256 511
855362 517
855468 512
855575 514
855681 511
855787 435
855893 533
856001 517
856107 521
856213 460
856320 516
856426 518
856532 524
856639 502
856745 516
856851 516
856957 518
857065 517
857171 523
857277 517
857384 533
857490 516
857596 515
857703 518
857809 517
857915 516
858023 517
858129 516
858235 419
858341 516
858448 515
858554 516
858660 513
858767 516
858873 516
858979 519
859085 513
859192 514
859298 515
859404 519
859511 518
859617 514
859723 515
859829 515
859936 518
860043 515
860149 515
860256 513
860362 515
860468 503
860575 518
860681 515
860787 516
860893 517
861001 517
861107 513
861213 517
861320 520
861426 517
861532 521
861639 515
861745 526
861851 515
861957 521
862065 515
862171 518
862277 519
862384 499
862490 516
862596 517
862703 517
862809 550
862915 519
863023 519
863129 518
863235 515
863341 518
863448 516
863554 516
863660 514
863767 516
863873 516
863979 523
864085 513
864192 514
864298 513
864404 524
864511 516
864617 515
864723 513
864829 514
864936 514
865043 516
865149 512
865256 510
865362 516
865468 516
865575 513
865681 520
865787 510
865893 514
866001 520
866107 528
866213 517
866320 515
866426 518
866532 513
866639 515
866745 518
866851 515
866957 516
867065 517
867171 516
867277 517
867384 539
867490 511
867596 520
867703 517
867809 521
867915 539
868023 517
868129 516
868235 521
868341 517
868448 517
868554 517
868660 519
868767 520
868873 515
868979 519
869085 513
869192 514
869298 512
869404 515
869511 515
869617 512
869723 515
869829 515
869936 511
870043 514
870149 515
870256 526
870362 514
870468 516
870575 514
870681 517
870787 512
870893 515
871001 517
871107 526
871213 517
871320 517
871426 515
871532 515
871639 516
871745 517
871851 518
871957 518
872065 516
