2 738
145 770
252 767
358 769
464 769
571 767
677 769
783 769
890 772
997 766
1103 768
1210 765
1316 767
1422 763
1529 766
1635 806
1741 768
1848 766
1954 768
2062 768
2168 770
2274 775
2381 768
2487 770
2593 768
2700 770
2806 768
2912 769
3020 767
3126 770
3232 765
3339 753
3445 768
3551 768
3658 764
3764 736
3870 766
3977 767
4084 767
4191 757
4297 771
4403 768
4510 769
4616 768
4722 764
4829 770
4935 806
5042 770
5149 772
5255 767
5361 774
5468 769
5574 763
5680 768
5787 776
5893 766
6000 767
6107 768
6213 769
6319 769
6426 767
6532 767
6638 770
6745 770
6851 768
6957 768
7065 769
7171 770
7278 767
7384 778
7490 770
7597 768
7703 768
7809 769
7916 770
8023 770
8129 767
8236 837
8342 770
8448 768
8555 764
8661 832
8767 770
8874 768
8980 767
9086 767
9193 769
9299 770
9405 767
9512 766
9618 768
9724 768
9831 763
9937 771
10045 768
10151 767
10257 770
10364 752
10470 768
10576 769
10683 769
10789 723
10895 769
11003 767
11109 770
11215 767
11322 767
11428 768
11534 759
11641 759
11747 771
11853 768
11960 753
12067 767
12173 767
12280 769
12386 772
12492 768
12599 766
12705 766
12811 771
12918 769
13025 769
13132 767
13238 662
13344 767
13451 766
13557 770
13663 799
13770 764
13876 766
13982 768
14090 767
14196 769
14302 768
14409 769
14515 766
14621 768
14728 767
14834 610
14940 769
15048 768
15154 767
15261 769
15367 772
15473 770
15580 766
15686 695
15792 769
15899 767
16006 767
16112 760
16219 767
16325 772
16431 770
16538 768
16644 766
16750 768
16857 768
16963 768
17070 774
17177 770
17283 767
17389 767
17496 771
17602 768
17708 771
17815 772
17921 770
18029 766
18135 718
18241 766
18348 770
18454 768
18560 740
18667 767
18773 765
18879 766
18987 828
19093 768
19199 767
19306 766
19412 832
19518 766
19625 769
19731 770
19837 769
19944 770
20051 764
20158 770
20264 739
20370 768
20477 731
20583 773
20689 767
20796 769
20902 769
21009 750
21116 769
21222 766
21328 768
21435 768
21541 766
21647 771
21754 769
21860 770
21966 768
22074 749
22180 768
22286 768
22393 770
22499 767
22605 767
22712 768
22818 768
22924 767
23032 768
23138 739
23245 768
23351 703
23457 766
23564 770
23670 760
23776 770
23883 764
23990 770
24096 770
24203 767
24309 775
24415 769
24522 768
24628 768
24734 772
24841 775
24947 770
25054 768
25161 768
25267 765
25373 766
25480 767
25586 767
25692 769
25799 762
25905 766
26013 757
26119 770
26225 767
26332 767
26438 817
26544 767
26651 767
26757 769
26863 767
26970 765
27077 766
27183 760
27290 765
27396 768
27502 767
27609 788
27715 768
27821 768
27928 766
28035 739
28142 769
28248 768
28354 769
28461 769
28567 769
28673 767
28780 766
28886 771
28993 768
29100 770
29206 768
29312 804
29419 769
29525 769
29631 767
29738 765
29844 766
29950 769
30058 769
30164 763
30270 768
30377 771
30483 767
30589 766
30696 769
30802 769
30908 861
31016 764
31122 767
31229 768
31335 759
31441 767
31548 768
31654 755
31760 907
31867 782
31973 768
32080 768
32187 770
32293 769
32399 767
32506 770
32612 778
32718 768
32825 769
32931 750
33039 770
33145 769
33251 768
33358 768
33464 766
33570 766
33677 767
33783 764
33889 777
33997 769
34103 766
34209 761
34316 770
34422 768
34528 771
34635 743
34741 768
34847 767
34954 768
35061 779
35167 768
35274 768
35380 770
35486 768
35593 767
35699 768
35805 767
35912 750
36019 823
36126 768
36232 767
36338 805
36445 768
36551 768
36657 763
36764 767
36870 767
36976 768
37084 787
37190 769
37296 770
37403 770
37509 764
37615 767
37722 767
37828 769
37934 763
38042 768
38148 770
38254 769
38361 766
38467 770
38573 767
38680 768
38786 772
38892 767
39000 768
39106 768
39213 787
39319 768
39425 767
39532 767
39638 770
39744 768
39851 771
39957 770
40064 765
40171 769
40277 767
40383 767
40490 767
40596 768
40702 767
40809 805
40915 786
41023 769
41129 767
41235 758
41342 770
41448 770
41554 768
41661 779
41767 768
41873 766
41980 768
42087 777
42193 771
42299 768
42406 766
42512 767
42618 761
42725 767
42831 754
42937 766
43045 763
43151 770
43257 765
43364 775
43470 766
43576 769
43683 775
43789 767
43895 769
44003 768
44109 765
44215 769
44322 770
44428 777
44534 776
44641 766
44747 757
44853 767
44960 771
45067 767
45174 767
45280 767
45386 731
45493 771
45599 766
45705 767
45812 802
45918 766
46025 768
46132 767
46238 700
46344 768
46451 766
46557 775
46663 769
46770 766
46876 767
46982 792
47090 766
47196 769
47302 769
47409 768
47515 767
47621 769
47728 766
47834 756
47940 768
48048 768
48154 768
48261 761
48367 772
48473 767
48580 772
48686 790
48792 771
48899 769
49006 770
49112 749
49219 768
49325 766
49431 772
49538 775
49644 767
49750 769
49857 761
49963 767
50071 767
50177 771
50283 767
50390 764
50496 769
50602 770
50709 781
50815 770
50921 770
51029 769
51135 770
51241 769
51348 769
51454 767
51560 766
51667 769
51773 768
51879 772
51987 731
52093 769
52199 765
52306 767
52412 742
52518 767
52625 767
52731 767
52837 767
52944 731
53051 772
53158 768
53264 769
53370 773
53477 767
53583 677
53689 766
53796 770
53902 768
54009 772
54116 767
54222 764
54328 771
54435 771
54541 766
54647 769
54754 769
54860 779
54966 769
55074 770
55180 770
55287 787
55393 770
55499 767
55606 766
55712 767
55818 768
55925 768
56032 764
56138 768
56245 768
56351 768
56457 768
56564 770
56670 770
56776 768
56883 844
56990 770
57096 768
57203 769
57309 765
57415 768
57522 766
57628 768
57734 838
57841 768
57947 770
58055 770
58161 770
58267 768
58374 770
58480 767
58586 766
58693 767
58799 767
58905 769
59013 766
59119 769
59225 769
59332 763
59438 767
59544 769
59651 765
59757 768
59863 770
59970 765
60077 767
60183 789
60290 767
60396 767
60502 774
60609 739
60715 769
60821 768
60928 766
61035 769
61142 766
61248 774
61354 768
61461 769
61567 767
61673 769
61780 767
61886 767
61993 765
62100 762
62206 769
62312 767
62419 770
62525 781
62631 767
62738 763
62844 769
62950 770
63058 811
63164 769
63271 769
63377 769
63483 767
63590 768
63696 766
63802 769
63909 769
64016 770
64122 768
64229 781
64335 761
64441 768
64548 766
64654 766
64760 769
64867 773
64973 767
65080 770
65187 763
65293 767
65399 769
65506 772
65612 765
65718 764
65825 767
65931 768
66039 769
66145 768
66251 768
66358 769
66464 769
66570 767
66677 764
66783 798
66889 766
66997 776
67103 767
67209 763
67316 768
67422 766
67528 760
67635 779
67741 766
67847 768
67954 768
68061 797
68167 769
68274 767
68380 770
68486 768
68593 770
68699 770
68805 760
68912 766
69019 769
69126 767
69232 766
69338 770
69445 767
69551 767
69657 696
69764 769
69870 769
69976 770
70084 775
70190 770
70296 771
70403 767
70509 770
70615 738
70722 766
70828 769
70934 764
71042 769
71148 767
71255 768
71361 715
71467 768
71574 767
71680 761
71786 767
71893 762
72000 769
72106 772
72213 771
72319 767
72425 768
72532 762
72638 768
72744 769
72851 758
72957 766
73064 768
73171 767
73277 769
73383 762
73490 769
73596 770
73702 766
73809 770
73915 769
74023 767
74129 769
74235 764
74342 770
74448 768
74554 765
74661 766
74767 768
74873 768
74980 775
75086 768
75193 769
75299 768
75405 768
75512 769
75618 764
75724 765
75831 767
75937 768
76044 769
76151 767
76257 767
76363 766
76470 767
76576 766
76682 782
76789 766
76895 768
77003 763
77109 768
77215 768
77322 767
77428 766
77534 766
77641 766
77747 755
77853 769
77960 780
78067 768
78173 767
78280 766
78386 770
78492 765
78599 768
78705 762
78811 766
78918 765
79025 768
79131 768
79238 763
79344 767
79450 767
79557 924
79663 768
79769 766
79876 777
79982 768
80090 768
80196 766
80302 765
80409 761
80515 768
80621 767
80728 768
80834 769
80940 768
81048 770
81154 769
81260 780
81367 766
81473 769
81579 774
81686 766
81792 768
81898 768
82006 773
82112 770
82219 769
82325 769
82431 768
82538 766
82644 767
82750 766
82857 773
82963 768
83070 770
83177 766
83283 764
83389 769
83496 769
83602 767
83708 773
83815 768
83921 767
84028 746
84135 763
84241 770
84347 764
84454 767
84560 767
84666 771
84773 767
84879 764
84987 769
85093 767
85199 769
85306 769
85412 740
85518 766
85625 767
85731 769
85837 767
85944 769
86051 769
86157 767
86264 769
86370 767
86476 766
86583 738
86689 772
86795 766
86902 768
87009 755
87116 768
87222 766
87328 770
87435 769
87541 769
87647 766
87754 767
87860 770
87966 772
88074 770
88180 767
88286 726
88393 768
88499 769
88605 769
88712 769
88818 767
88924 768
89032 778
89138 766
89244 767
89351 770
89457 767
89563 769
89670 759
89776 766
89882 768
89990 769
90096 769
90203 769
90309 762
90415 767
90522 770
90628 768
90734 768
90841 768
90947 767
91054 771
91161 768
91267 768
91373 766
91480 770
91586 767
91692 768
91799 770
91905 771
92012 770
92119 767
92225 766
92331 767
92438 767
92544 767
92650 772
92757 768
92863 765
92969 768
93077 769
93183 771
93290 769
93396 766
93502 765
93609 754
93715 768
93821 770
93928 768
94035 767
94141 767
94248 770
94354 769
94460 767
94567 766
94673 699
94779 770
94886 768
94993 768
95100 766
95206 767
95312 765
95419 767
95525 767
95631 759
95738 766
95844 767
95950 787
96058 771
96164 767
96270 769
96377 767
96483 778
96589 767
96696 769
96802 766
96908 703
97016 768
97122 770
97228 765
97335 772
97441 770
97547 765
97654 770
97760 765
97866 765
97973 768
98080 772
98187 764
98293 767
98399 764
98506 768
98612 766
98718 767
98825 766
98931 766
99038 772
99145 770
99251 768
99357 770
99464 767
99570 767
99676 768
99783 776
99889 767
99997 769
100103 769
100209 779
100316 769
100422 769
100528 785
100635 769
100741 767
100847 768
100954 773
101061 779
101167 773
101274 767
101380 770
101486 770
101593 769
101699 768
101805 768
101912 766
102019 768
102125 770
102232 762
102338 769
102444 769
102551 767
102657 764
102763 767
102870 762
102976 769
103084 772
103190 766
103296 775
103403 767
103509 768
103615 770
103722 764
103828 769
103934 770
104042 765
104148 768
104254 769
104361 726
104467 771
104573 767
104680 764
104786 768
104892 767
105000 768
105106 768
105212 766
105319 768
105425 767
105531 815
105638 765
105744 768
105850 767
105957 767
106064 770
106171 768
106277 768
106383 771
106490 766
106596 767
106702 766
106809 766
106915 767
107022 765
107129 772
107235 674
107341 767
107448 770
107554 772
107660 765
107767 768
107873 769
107979 769
108086 770
108193 768
108299 769
108405 766
108512 769
108618 769
108724 767
108831 768
108937 770
109045 768
109151 767
109257 776
109364 770
109470 768
109576 768
109683 791
109789 767
109895 766
110003 767
110109 765
110215 759
110322 768
110428 769
110534 778
110641 768
110747 765
110853 763
110960 767
111067 766
111173 765
111280 772
111386 776
111492 769
111599 767
111705 766
111811 770
111918 763
112025 767
112132 767
112238 773
112344 768
112451 766
112557 725
112663 770
112770 769
112876 765
112982 778
113090 768
113196 767
113302 769
113409 770
113515 767
113621 768
113728 764
113834 790
113940 767
114048 768
114154 770
114261 909
114367 769
114473 760
114580 763
114686 769
114792 769
114899 766
115006 767
115112 768
115219 767
115325 767
115431 768
115538 765
115644 770
115750 767
115857 761
115963 768
116070 766
116177 766
116283 770
116389 767
116496 767
116602 769
116708 765
116815 768
116921 769
117029 770
117135 771
117241 768
117348 769
117454 773
117560 766
117667 769
117773 771
117879 765
117987 765
118093 769
118199 770
118306 767
118412 769
118518 764
118625 768
118731 767
118837 765
118944 763
119051 766
119158 769
119264 766
119370 767
119477 770
119583 762
119689 767
119796 770
119902 769
120009 767
120116 770
120222 767
120328 770
120435 628
120541 768
120647 768
120754 772
120860 766
120966 768
121074 767
121180 765
121286 766
121393 768
121499 764
121605 719
121712 767
121818 800
121924 767
122032 765
122138 769
122245 767
122351 767
122457 765
122564 768
122670 767
122776 772
122883 737
122990 770
123096 775
123203 767
123309 797
123415 768
123522 770
123628 775
123734 770
123841 768
123947 768
124054 768
124161 763
124267 768
124373 779
124480 766
124586 765
124692 769
124799 773
124905 764
125013 778
125119 772
125225 768
125332 770
125438 769
125544 768
125651 768
125757 796
125863 769
125970 766
126077 766
126183 766
126290 766
126396 768
126502 768
126609 766
126715 768
126821 763
126928 760
127035 917
127142 767
127248 767
127354 764
127461 767
127567 766
127673 769
127780 771
127886 769
127993 767
128100 768
128206 770
128312 769
128419 768
128525 774
128631 813
128738 770
128844 769
128950 767
129058 753
129164 769
129270 770
129377 769
129483 769
129589 766
129696 770
129802 766
129908 772
130016 768
130122 763
130229 769
130335 748
130441 768
130548 767
130654 781
130760 765
130867 767
130973 768
131080 767
131187 765
131293 766
131399 769
131506 768
131612 765
131718 767
131825 768
131931 764
132039 766
132145 768
132251 766
132358 766
132464 768
132570 770
132677 767
132783 768
132889 769
132997 771
133103 766
133209 729
133316 773
133422 767
133528 769
133635 770
133741 767
133847 764
133954 770
134061 671
134167 768
134274 765
134380 768
134486 760
134593 767
134699 769
134805 767
134912 770
135019 770
135126 768
135232 762
135338 767
135445 770
135551 765
135657 754
135764 768
135870 766
135976 770
136084 771
136190 767
136296 768
136403 767
136509 770
136615 766
136722 767
136828 766
136934 710
137042 769
137148 768
137254 767
137361 768
137467 769
137573 767
137680 769
137786 790
137892 766
138000 775
138106 770
138213 770
138319 755
138425 767
138532 731
138638 769
138744 767
138851 768
138957 739
139064 765
139171 769
139277 773
139383 765
139490 769
139596 764
139702 768
139809 772
139915 766
140023 770
140129 768
140235 761
140342 768
140448 767
140554 768
140661 769
140767 769
140873 767
140980 767
141087 766
141193 768
141299 765
141406 768
141512 766
141618 769
141725 767
141831 770
141937 763
142045 769
142151 766
142257 763
142364 767
142470 769
142576 769
142683 768
142789 769
142895 770
143003 767
143109 758
143215 774
143322 766
143428 774
143534 768
143641 767
143747 768
143853 768
143960 809
144067 771
144174 768
144280 762
144386 768
144493 768
144599 763
144705 834
144812 768
144918 765
145025 766
145132 873
145238 770
145344 770
145451 767
145557 773
145663 768
145770 766
145876 768
145982 769
146090 765
146196 768
146302 769
146409 842
146515 767
146621 768
146728 763
146834 831
146940 767
147048 768
147154 768
147261 891
147367 767
147473 769
147580 770
147686 768
147792 767
147899 769
148006 824
148112 769
148219 764
148325 766
148431 764
148538 766
148644 768
148750 768
148857 790
148963 768
149071 770
149177 767
149283 754
149390 767
149496 768
149602 760
149709 769
149815 767
149921 769
150029 768
150135 793
150241 767
150348 769
150454 768
150560 767
150667 692
150773 769
150879 767
150987 769
151093 767
151199 767
151306 750
151412 777
151518 769
151625 766
151731 825
151837 772
151944 767
152051 767
152158 701
152264 768
152370 768
152477 770
152583 762
152689 764
152796 768
152902 768
153009 795
153116 766
153222 766
153328 767
153435 748
153541 773
153647 768
153754 768
153860 769
153966 769
154074 769
154180 770
154287 767
154393 772
154499 767
154606 766
154712 768
154818 764
154925 766
155032 768
155138 761
155245 764
155351 767
155457 770
155564 769
155670 767
155776 774
155883 766
155990 772
156096 768
156203 767
156309 713
156415 769
156522 774
156628 769
156734 746
156841 767
156947 770
157055 769
157161 768
157267 768
157374 767
157480 770
157586 768
157693 768
157799 768
157905 795
158013 768
158119 768
158225 771
158332 775
158438 768
158544 769
158651 767
158757 766
158863 769
158970 768
159077 767
159183 765
159290 767
159396 766
159502 768
159609 768
159715 769
159821 767
159928 765
160035 722
160142 776
160248 766
160354 772
160461 766
160567 769
160673 767
160780 756
160886 768
160993 766
161100 770
161206 705
161312 768
161419 768
161525 768
161631 739
161738 769
161844 761
161950 767
162058 767
162164 767
162271 772
162377 769
162483 770
162590 765
162696 765
162802 766
162909 796
163016 767
163122 767
163229 766
163335 766
163441 767
163548 769
163654 763
163760 765
163867 769
163973 766
164080 743
164187 766
164293 767
164399 770
164506 767
164612 767
164718 768
164825 768
164931 662
165039 768
165145 768
165251 763
165358 768
165464 771
165570 768
165677 756
165783 765
165889 766
165997 766
166103 766
166209 765
166316 768
166422 767
166528 771
166635 768
166741 765
166847 767
166954 767
167061 770
167167 768
167274 768
167380 770
167486 767
167593 768
167699 769
167805 744
167912 767
168019 767
168126 759
168232 826
168338 767
168445 769
168551 766
168657 767
168764 755
168870 766
168976 770
169084 798
169190 769
169296 769
169403 767
169509 768
169615 775
169722 766
169828 769
169934 770
170042 771
170148 768
170255 771
170361 767
170467 767
170574 768
170680 707
170786 767
170893 767
171000 770
171106 762
171213 766
171319 770
171425 768
171532 759
171638 768
171744 769
171851 767
171957 849
172064 766
172171 771
172277 770
172383 713
172490 770
172596 768
172702 767
172809 848
172915 769
173023 769
173129 759
173235 767
173342 767
173448 768
173554 769
173661 771
173767 768
173873 766
173980 775
174086 770
174193 769
174299 765
174405 752
174512 767
174618 774
174724 771
174831 780
174937 767
175044 771
175151 767
175257 769
175363 769
175470 765
175576 766
175682 767
175789 768
175895 767
176003 773
176109 769
176215 769
176322 766
176428 767
176534 767
176641 766
176747 765
176853 763
176960 767
177067 769
177173 769
177280 780
177386 768
177492 768
177599 767
177705 757
177811 768
177918 765
178025 769
178131 766
178238 768
178344 770
178450 766
178557 767
178663 769
178769 767
178876 767
178982 767
179090 767
179196 764
179302 762
179409 770
179515 768
179621 769
179728 765
179834 765
179940 770
180048 766
180154 814
180260 769
180367 767
180473 768
180579 769
180686 817
180792 771
180898 768
181006 768
181112 768
181219 768
181325 767
181431 770
181538 766
181644 768
181750 768
181857 813
181963 767
182070 767
182177 767
182283 746
182389 764
182496 766
182602 767
182708 762
182815 767
182921 770
183028 767
183135 767
183241 769
183347 768
183454 768
183560 767
183666 767
183773 770
183879 811
183987 771
184093 769
184199 767
184306 770
184412 769
184518 761
184625 770
184731 762
184837 765
184944 768
185051 765
185157 795
185264 767
185370 768
185476 767
185583 768
185689 768
185795 767
185902 768
186009 766
186116 770
186222 768
186328 767
186435 770
186541 770
186647 766
186754 657
186860 769
186966 767
187074 767
187180 767
187286 768
187393 769
187499 768
187605 667
187712 767
187818 770
187924 765
188032 765
188138 766
188244 769
188351 767
188457 767
188563 759
188670 766
188776 771
188882 746
188990 768
189096 785
189203 770
189309 772
189415 768
189522 770
189628 768
189734 770
189841 769
189947 770
190054 793
190161 772
190267 767
190373 767
190480 770
190586 765
190692 768
190799 768
190905 720
191012 767
191119 767
191225 767
191331 768
191438 766
191544 768
191650 767
191757 736
191863 770
191969 768
192077 771
192183 766
192290 766
192396 770
192502 767
192609 767
192715 766
192821 767
192928 775
193035 768
193141 767
193248 766
193354 767
193460 768
193567 773
193673 766
193779 752
193886 766
193993 767
194100 765
194206 767
194312 768
194419 759
194525 651
194631 768
194738 764
194844 769
194950 768
195058 690
195164 769
195270 767
195377 770
195483 791
195589 766
195696 768
195802 771
195908 766
196016 769
196122 767
196228 764
196335 766
196441 772
196547 765
196654 793
196760 768
196866 766
196973 769
197080 764
197187 770
197293 769
197399 768
197506 776
197612 767
197718 762
197825 768
197931 770
198038 768
198145 773
198251 765
198357 799
198464 769
198570 766
198676 765
198783 769
198889 766
198997 769
199103 777
199209 767
199316 767
199422 767
199528 747
199635 766
199741 770
199847 770
199954 779
200061 768
200167 768
200274 767
200380 760
200486 768
200593 768
200699 774
200805 779
200912 767
201019 768
201125 769
201232 789
201338 770
201444 747
201551 769
201657 791
201763 768
201870 762
201976 769
202084 769
202190 765
202296 768
202403 765
202509 768
202615 766
202722 778
202828 835
202934 768
203042 766
203148 769
203254 763
203361 767
203467 768
203573 768
203680 871
203786 772
203892 770
204000 768
204106 741
204212 767
204319 768
204425 768
204531 768
204638 770
204744 769
204850 765
204957 841
205064 767
205171 769
205277 768
205383 764
205490 766
205596 757
205702 762
205809 768
205915 768
206022 764
206129 707
206235 768
206341 772
206448 770
206554 754
206660 771
206767 768
206873 768
206979 773
207086 768
207193 768
207299 765
207405 764
207512 769
207618 770
207724 769
207831 626
207937 769
208045 766
208151 769
208257 764
208364 769
208470 768
208576 773
208683 769
208789 768
208895 768
209003 791
209109 771
209215 767
209322 778
209428 764
209534 765
209641 774
209747 767
209853 761
209960 768
210067 767
210173 766
210280 773
210386 766
210492 770
210599 769
210705 768
210811 770
210918 770
211025 764
211132 769
211238 765
211344 769
211451 771
211557 767
211663 767
211770 768
211876 759
211982 768
212090 769
212196 767
212302 771
212409 766
212515 770
212621 772
212728 799
212834 768
212940 772
213048 769
213154 743
213261 768
213367 767
213473 768
213580 844
213686 769
213792 766
213899 766
214006 765
214112 768
214219 769
214325 770
214431 769
214538 766
214644 766
214750 772
214857 766
214963 767
215070 769
215177 762
215283 768
215389 768
215496 771
215602 769
215708 768
215815 770
215921 773
216029 802
216135 768
216241 767
216348 769
216454 782
216560 767
216667 769
216773 770
216879 662
216987 766
217093 770
217199 768
217306 769
217412 768
217518 767
217625 772
217731 767
217837 768
217944 767
218051 762
218158 766
218264 767
218370 767
218477 769
218583 769
218689 766
218796 769
218902 764
219009 767
219116 768
219222 765
219328 814
219435 770
219541 766
219647 769
219754 765
219860 779
219966 768
220074 766
220180 765
220286 764
220393 754
220499 767
220605 754
220712 768
220818 771
220924 767
221032 770
221138 768
221245 767
221351 767
221457 769
221564 767
221670 767
221776 775
221883 770
221990 768
222096 770
222203 764
222309 768
222415 769
222522 765
222628 733
222734 766
222841 768
222947 767
223054 773
223161 765
223267 768
223373 765
223480 767
223586 766
223692 769
223799 767
223905 691
224013 764
224119 770
224225 767
224332 769
224438 769
224544 768
224651 769
224757 773
224863 768
224970 765
225077 836
225183 770
225290 769
225396 766
225502 766
225609 768
225715 766
225821 768
225928 768
226035 767
226142 768
226248 769
226354 777
226461 770
226567 771
226673 767
226780 764
226886 767
226993 768
227100 768
227206 694
227312 768
227419 770
227525 758
227631 770
227738 769
227844 769
227950 759
228058 767
228164 770
228270 768
228377 769
228483 768
228589 767
228696 767
228802 597
228908 767
229016 769
229122 768
229229 767
229335 765
229441 765
229548 776
229654 718
229760 769
229867 768
229973 767
230080 778
230187 769
230293 767
230399 772
230506 769
230612 765
230718 768
230825 777
230931 765
231039 768
231145 768
231251 761
231358 756
231464 766
231570 768
231677 763
231783 768
231889 765
231997 773
232103 769
232209 767
232316 780
232422 769
232528 732
232635 767
232741 767
232847 769
232954 777
233061 768
233167 769
233274 765
233380 767
233486 768
233593 768
233699 768
233805 767
233912 778
234019 769
234126 757
234232 767
234338 766
234445 769
234551 767
234657 768
234764 767
234870 764
234976 774
235084 765
235190 767
235296 772
235403 766
235509 766
235615 768
235722 767
235828 769
235934 771
236042 767
236148 767
236254 769
236361 766
236467 769
236573 764
236680 847
236786 765
236892 765
237000 766
237106 747
237213 767
237319 767
237425 769
237532 768
237638 769
237744 769
237851 762
237957 774
238064 769
238171 769
238277 768
238383 767
238490 769
238596 767
238702 762
238809 822
238915 763
239023 770
239129 767
239235 776
239342 769
239448 768
239554 764
239661 768
239767 758
239873 769
239980 768
240087 773
240193 769
240299 768
240406 767
240512 769
240618 766
240725 768
240831 767
240937 768
241045 767
241151 765
241257 725
241364 767
241470 766
241576 767
241683 769
241789 776
241895 769
242003 768
242109 768
242215 767
242322 767
242428 768
242534 769
242641 768
242747 767
242853 777
242960 768
243067 768
243174 770
243280 790
243386 766
243493 769
243599 756
243705 768
243812 767
243918 768
244025 764
244132 766
244238 767
244344 768
244451 767
244557 768
244663 771
244770 770
244876 770
244982 766
245090 764
245196 768
245302 768
245409 765
245515 766
245621 768
245728 760
245834 780
245940 768
246048 767
246154 763
246261 768
246367 767
246473 768
246580 766
246686 745
246792 764
246899 763
247006 777
247112 768
247219 768
247325 768
247431 685
247538 767
247644 768
247750 772
247857 763
247963 769
248071 770
248177 770
248283 769
248390 769
248496 767
248602 717
248709 766
248815 768
248921 770
249029 761
249135 768
249241 766
249348 767
249454 768
249560 767
249667 767
249773 768
249879 659
249987 769
250093 767
250199 775
250306 753
250412 765
250518 765
250625 768
250731 769
250837 765
250944 766
251051 730
251158 769
251264 770
251370 766
251477 770
251583 767
251689 764
251796 767
251902 773
252009 768
252116 768
252222 767
252328 766
252435 768
252541 768
252647 769
252754 809
252860 768
252966 768
253074 770
253180 645
253287 766
253393 769
253499 766
253606 767
253712 769
253818 766
253925 768
254032 767
254138 774
254245 769
254351 768
254457 762
254564 768
254670 767
254776 773
254883 768
254990 767
255096 769
255203 764
255309 768
255415 768
255522 767
255628 831
255734 769
255841 767
255947 768
256055 754
256161 766
256267 764
256374 767
256480 768
256586 767
256693 769
256799 767
256905 764
257013 767
257119 768
257225 768
257332 715
257438 769
257544 769
257651 769
257757 771
257863 768
257970 768
258077 762
258183 767
258290 768
258396 765
258502 768
258609 765
258715 766
258821 768
258928 766
259035 766
259142 767
259248 767
259354 769
259461 766
259567 766
259673 764
259780 772
259886 767
259993 766
260100 763
260206 744
260312 767
260419 768
260525 766
260631 769
260738 767
260844 773
260950 767
261058 769
261164 767
261271 767
261377 767
261483 770
261590 768
261696 768
261802 795
261909 768
262016 769
262122 765
262229 767
262335 768
262441 766
262548 769
262654 766
262760 768
262867 766
262973 768
263080 769
263187 767
263293 765
263399 769
263506 767
263612 766
263718 768
263825 772
263931 767
264039 768
264145 766
264251 767
264358 767
264464 768
264570 766
264677 794
264783 770
264889 767
264997 770
265103 769
265209 768
265316 768
265422 766
265528 768
265635 768
265741 767
265847 768
265954 767
266061 764
266167 769
266274 766
266380 747
266486 769
266593 767
266699 767
266805 771
266912 767
267019 767
267126 768
267232 767
267338 766
267445 767
267551 823
267657 769
267764 770
267870 767
267976 768
268084 767
268190 769
268296 767
268403 757
268509 767
268615 771
268722 770
268828 783
268934 767
269042 769
269148 771
269255 832
269361 768
269467 767
269574 766
269680 768
269786 769
269893 768
270000 762
270106 769
270213 768
270319 769
270425 765
270532 768
270638 764
270744 767
270851 768
270957 769
271064 767
271171 769
271277 761
271383 766
271490 767
271596 768
271702 765
271809 769
271915 763
272023 769
272129 776
272235 766
272342 768
272448 768
272554 768
272661 771
272767 765
272873 770
272980 768
273086 766
273193 769
273299 767
273405 741
273512 766
273618 766
273724 761
273831 770
273937 771
274044 767
274151 770
274257 768
274363 759
274470 768
274576 820
274682 764
274789 770
274895 768
275003 757
275109 768
275215 767
275322 766
275428 770
275534 766
275641 770
275747 764
275853 761
275960 765
276067 769
276173 768
276280 825
276386 764
276492 768
276599 761
276705 766
276811 769
276918 765
277025 770
277131 769
277238 770
277344 768
277450 769
277557 769
277663 765
277769 765
277876 767
277982 768
278090 768
278196 766
278302 767
278409 768
278515 767
278621 766
278728 757
278834 768
278940 766
279048 777
279154 769
279260 769
279367 770
279473 769
279579 768
279686 768
279792 769
279898 771
280006 710
280112 771
280219 767
280325 770
280431 710
280538 768
280644 768
280750 768
280857 767
280963 767
281070 771
281177 764
281283 767
281389 773
281496 770
281602 726
281708 770
281815 768
281921 767
282028 768
282135 769
282241 767
282347 766
282454 779
282560 769
282666 768
282773 763
282879 770
282987 768
283093 770
283199 764
283306 799
283412 768
283518 768
283625 765
283731 772
283837 768
283944 768
284051 769
284157 767
284264 769
284370 765
284476 767
284583 768
284689 770
284795 769
284902 768
285009 767
285116 766
285222 767
285328 760
285435 768
285541 768
285647 765
285754 770
285860 767
285966 765
286074 773
286180 882
286286 767
286393 769
286499 768
286605 770
286712 774
286818 772
286924 769
287032 770
287138 767
287244 765
287351 768
287457 765
287563 773
287670 769
287776 765
287882 767
287990 767
288096 767
288203 760
288309 767
288415 766
288522 773
288628 769
288734 770
288841 768
288947 763
289054 769
289161 769
289267 767
289373 768
289480 769
289586 766
289692 770
289799 763
289905 729
290012 768
290119 779
290225 766
290331 763
290438 767
290544 768
290650 765
290757 767
290863 766
290969 767
291077 763
291183 767
291290 768
291396 769
291502 766
291609 771
291715 767
291821 760
291928 766
292035 768
292141 769
292248 768
292354 770
292460 767
292567 767
292673 769
292779 768
292886 769
292993 770
293100 768
293206 768
293312 769
293419 766
293525 838
293631 768
293738 767
293844 767
293950 769
294058 723
294164 767
294270 766
294377 705
294483 769
294589 767
294696 765
294802 754
294908 766
295016 770
295122 772
295228 759
295335 766
295441 769
295547 771
295654 773
295760 767
295866 768
295973 759
296080 770
296187 768
296293 768
296399 768
296506 769
296612 768
296718 768
296825 767
296931 770
297038 770
297145 768
297251 770
297357 768
297464 767
297570 769
297676 780
297783 770
297889 767
297997 768
298103 768
298209 766
298316 766
298422 769
298528 767
298635 766
298741 769
298847 769
298954 689
299061 769
299167 769
299274 766
299380 793
299486 770
299593 768
299699 765
299805 770
299912 770
300019 765
300125 778
300232 767
300338 771
300444 781
300551 781
300657 769
300763 769
300870 767
300976 752
301084 776
301190 766
301296 769
301403 711
301509 764
301615 769
301722 770
301828 770
301934 770
302042 768
302148 769
302254 779
302361 767
302467 767
302573 768
302680 768
302786 769
302892 767
303000 766
303106 766
303212 766
303319 766
303425 761
303531 767
303638 771
303744 769
303850 763
303957 766
304064 770
304171 767
304277 778
304383 768
304490 771
304596 767
304702 769
304809 768
304915 771
305022 770
305129 754
305235 766
305341 768
305448 767
305554 767
305660 766
305767 767
305873 778
305979 796
306086 766
306193 768
306299 769
306405 733
306512 769
306618 769
306724 767
306831 768
306937 770
307045 769
307151 766
307257 767
307364 769
307470 769
307576 786
307683 769
307789 766
307895 765
308003 766
308109 767
308215 761
308322 768
308428 710
308534 769
308641 765
308747 769
308853 760
308960 748
309067 773
309173 770
309280 774
309386 767
309492 765
309599 774
309705 771
309811 770
309918 767
310025 770
310132 769
310238 766
310344 768
310451 770
310557 767
310663 768
310770 773
310876 693
310982 765
311090 769
311196 769
311302 762
311409 769
311515 768
311621 767
311728 767
311834 769
311940 768
312048 769
312154 755
312261 763
312367 766
312473 768
312580 767
312686 768
312792 768
312899 769
313006 767
313112 768
313219 766
313325 769
313431 865
313538 769
313644 769
313750 774
313857 766
313963 770
314070 767
314177 745
314283 770
314389 769
314496 768
314602 769
314708 762
314815 770
314921 776
315029 793
315135 771
315241 769
315348 767
315454 768
315560 759
315667 746
315773 769
315879 743
315987 767
316093 767
316199 761
316306 768
316412 770
316518 774
316625 805
316731 768
316837 768
316944 770
317051 701
317158 768
317264 769
317370 766
317477 770
317583 767
317689 769
317796 770
317902 767
318009 769
318116 766
318222 770
318328 733
318435 767
318541 766
318647 771
318754 765
318860 765
318966 768
319074 769
319180 766
319286 766
319393 770
319499 767
319605 769
319712 767
319818 768
319924 764
320032 765
320138 768
320245 768
320351 771
320457 767
320564 770
320670 769
320776 759
320883 766
320990 750
321096 771
321203 770
321309 766
321415 767
321522 767
321628 769
321734 768
321841 768
321947 761
322054 771
322161 761
322267 766
322373 769
322480 767
322586 766
322692 769
322799 763
322905 767
323013 767
323119 768
323225 730
323332 766
323438 766
323544 769
323651 820
323757 767
323863 769
323970 769
324077 781
324183 767
324290 766
324396 767
324502 772
324609 767
324715 768
324821 773
324928 859
325035 768
325142 767
325248 769
325354 763
325461 768
325567 765
325673 769
325780 766
325886 767
325993 776
326100 771
326206 778
326312 768
326419 769
326525 788
326631 767
326738 768
326844 768
326950 755
327058 767
327164 770
327270 767
327377 757
327483 770
327589 766
327696 766
327802 766
327908 768
328016 768
328122 762
328229 770
328335 769
328441 765
328548 765
328654 768
328760 766
328867 767
328973 770
329080 766
329187 771
329293 768
329399 765
329506 774
329612 766
329718 769
329825 765
329931 769
330039 768
330145 769
330251 775
330358 770
330464 768
330570 766
330677 768
330783 768
330889 768
330997 769
331103 747
331209 768
331316 768
331422 768
331528 767
331635 768
331741 767
331847 768
331954 740
332061 769
332167 760
332274 767
332380 766
332486 769
332593 767
332699 823
332805 766
332912 769
333019 767
333126 888
333232 766
333338 768
333445 767
333551 772
333657 766
333764 768
333870 768
333976 802
334084 768
334190 768
334296 766
334403 899
334509 769
334615 769
334722 767
334828 751
334934 767
335042 770
335148 760
335254 765
335361 771
335467 769
335573 750
335680 768
335786 771
335892 768
336000 751
336106 766
336213 767
336319 755
336425 775
336532 768
336638 767
336744 769
336851 795
336957 768
337064 766
337171 767
337277 766
337383 766
337490 768
337596 768
337702 767
337809 770
337915 769
338023 769
338129 771
338235 765
338342 768
338448 769
338554 766
338661 770
338767 766
338873 760
338980 766
339087 769
339193 770
339299 769
339406 759
339512 768
339618 766
339725 733
339831 768
339937 763
340045 768
340151 781
340257 766
340364 768
340470 771
340576 768
340683 768
340789 766
340895 769
341003 767
341109 768
341215 768
341322 766
341428 742
341534 764
341641 765
341747 769
341853 812
341960 769
342067 769
342174 766
342280 766
342386 774
342493 770
342599 729
342705 772
342812 769
342918 766
343025 781
343132 772
343238 768
343344 766
343451 763
343557 765
343663 770
343770 763
343876 720
343982 771
344090 768
344196 770
344302 790
344409 766
344515 766
344621 764
344728 710
344834 763
344940 769
345048 770
345154 768
345261 769
345367 771
345473 767
345580 764
345686 767
345792 766
345899 743
346006 767
346112 764
346219 766
346325 770
346431 768
346538 764
346644 769
346750 754
346857 768
346963 770
347071 767
347177 790
347283 776
347390 764
347496 770
347602 768
347709 767
347815 770
347921 774
348029 728
348135 765
348241 766
348348 770
348454 753
348560 768
348667 769
348773 798
348879 768
348987 767
349093 769
349199 765
349306 768
349412 769
349518 764
349625 724
349731 767
349837 768
349944 767
350051 730
350158 768
350264 757
350370 767
350477 770
350583 770
350689 768
350796 767
350902 779
351009 769
351116 770
351222 768
351328 800
351435 770
351541 766
351647 774
351754 767
351860 750
351966 770
352074 789
352180 769
352287 766
352393 771
352499 768
352606 767
352712 769
352818 766
352925 821
353032 765
353138 772
353245 769
353351 842
353457 768
353564 768
353670 769
353776 782
353883 768
353990 768
354096 768
354203 877
354309 768
354415 770
354522 781
354628 769
354734 768
354841 756
354947 764
355055 768
355161 767
355267 767
355374 769
355480 769
355586 768
355693 766
355799 733
355905 768
356013 766
356119 769
356225 767
356332 731
356438 765
356544 769
356651 769
356757 768
356863 765
356970 768
357077 737
357183 765
357290 767
357396 768
357502 769
357609 766
357715 770
357821 766
357928 822
358035 768
358142 768
358248 762
358354 743
358461 766
358567 767
358673 772
358780 768
358886 768
358993 766
359100 693
359206 768
359312 768
359419 768
359525 760
359631 769
359738 768
359844 769
359950 777
360058 767
360164 769
360271 764
360377 771
360483 766
360590 747
360696 768
360802 765
360909 766
361016 769
361122 765
361229 764
361335 773
361441 767
361548 694
361654 768
361760 769
361867 767
361973 803
362080 769
362187 794
362293 767
362399 765
362506 770
362612 767
362718 767
362825 762
362931 767
363039 768
363145 770
363251 765
363358 767
363464 768
363570 759
363677 624
363783 770
363889 766
363997 770
364103 772
364209 772
364316 769
364422 770
364528 739
364635 769
364741 768
364847 768
364954 768
365061 771
365167 770
365274 764
365380 765
365486 768
365593 764
365699 774
365805 768
365912 766
366019 768
366126 777
366232 767
366338 770
366445 768
366551 766
366657 767
366764 768
366870 771
366976 769
367084 765
367190 770
367296 761
367403 767
367509 767
367615 769
367722 771
367828 770
367934 768
368042 770
368148 785
368255 768
368361 769
368467 769
368574 776
368680 770
368786 768
368893 767
369000 737
369106 770
369213 766
369319 767
369425 647
369532 765
369638 767
369744 768
369851 766
369957 767
370064 767
370171 770
370277 780
370383 767
370490 769
370596 774
370702 767
370809 770
370915 769
371023 739
371129 767
371235 770
371342 769
371448 766
371554 833
371661 761
371767 768
371873 798
371980 769
372086 766
372193 766
372299 762
372405 768
372512 779
372618 765
372724 695
372831 768
372937 768
373044 776
373151 770
373257 772
373363 767
373470 766
373576 769
373682 772
373789 766
373895 766
374003 767
374109 769
374215 767
374322 767
374428 699
374534 766
374641 767
374747 769
374853 768
374960 769
375067 767
375173 765
375280 767
375386 766
375492 771
375599 763
375705 768
375811 767
375918 766
376025 643
376131 769
376238 769
376344 766
376450 767
376557 767
376663 766
376769 761
376876 769
376982 768
377090 770
377196 771
377302 824
377409 767
377515 760
377621 764
377728 768
377834 772
377940 769
378048 757
378154 769
378260 768
378367 767
378473 769
378579 770
378686 765
378792 767
378898 765
379006 768
379112 768
379219 772
379325 761
379431 769
379538 768
379644 770
379750 646
379857 766
379963 769
380070 769
380177 725
380283 767
380389 769
380496 767
380602 767
380708 770
380815 770
380921 769
381028 768
381135 770
381241 769
381347 772
381454 770
381560 769
381666 769
381773 746
381879 738
381987 769
382093 767
382199 761
382306 770
382412 770
382518 772
382625 765
382731 768
382837 785
382944 769
383051 752
383157 765
383264 773
383370 769
383476 770
383583 770
383689 767
383795 766
383902 778
384009 766
384116 766
384222 769
384328 780
384435 769
384541 768
384647 792
384754 769
384860 752
384966 766
385074 774
385180 768
385286 767
385393 771
385499 759
385605 779
385712 768
385818 768
385924 769
386032 768
386138 766
386244 765
386351 823
386457 766
386563 767
386670 772
386776 767
386882 765
386990 767
387096 764
387203 769
387309 769
387415 768
387522 770
387628 765
387734 769
387841 768
387947 831
388054 768
388161 766
388267 766
388373 768
388480 769
388586 763
388692 768
388799 777
388905 767
389012 768
389119 766
389225 758
389331 769
389438 765
389544 776
389650 768
389757 767
389863 767
389969 767
390077 766
390183 767
390290 766
390396 768
390502 765
390609 765
390715 767
390821 762
390928 765
391035 771
391141 768
391248 762
391354 767
391460 764
391567 766
391673 752
391779 768
391886 764
391993 771
392100 769
392206 758
392312 775
392419 765
392525 763
392631 771
392738 767
392844 769
392950 821
393058 767
393164 767
393270 771
393377 774
393483 770
393589 766
393696 767
393802 768
393908 766
394016 768
394122 776
394228 764
394335 766
394441 769
394547 799
394654 767
394760 767
394866 767
394973 766
395080 768
395187 766
395293 771
395399 769
395506 770
395612 768
395718 768
395825 764
395931 763
396038 769
396145 766
396251 830
396357 769
396464 768
396570 765
396676 767
396783 770
396889 767
396997 831
397103 771
397209 769
397316 768
397422 765
397528 772
397635 768
397741 768
397847 693
397954 767
398061 767
398167 767
398274 764
398380 765
398486 768
398593 769
398699 776
398805 769
398912 769
399019 769
399125 799
399232 766
399338 767
399444 771
399551 767
399657 769
399763 768
399870 767
399976 769
400084 767
400190 767
400296 768
400403 769
400509 763
400615 768
400722 649
400828 766
400934 769
401042 768
401148 767
401254 769
401361 766
401467 770
401573 622
401680 768
401786 771
401892 770
402000 696
402106 769
402212 765
402319 767
402425 755
402531 765
402638 769
402744 762
402850 767
402957 769
403064 768
403171 766
403277 766
403383 805
403490 764
403596 775
403702 770
403809 767
403915 767
404022 767
404129 768
404235 697
404341 765
404448 766
404554 768
404660 767
404767 769
404873 768
404979 767
405086 765
405193 768
405299 773
405405 768
405512 766
405618 765
405724 767
405831 768
405937 769
406045 766
406151 771
406257 770
406364 767
406470 769
406576 767
406683 771
406789 770
406895 764
407003 767
407109 768
407215 768
407322 770
407428 768
407534 766
407641 768
407747 787
407853 766
407960 767
408067 765
408173 769
408280 773
408386 769
408492 768
408599 798
408705 766
408811 767
408918 767
409025 788
409132 770
409238 769
409344 765
409451 769
409557 768
409663 760
409770 770
409876 765
409982 770
410090 764
410196 768
410302 770
410409 766
410515 778
410621 749
410728 766
410834 774
410940 769
411048 775
411154 766
411261 768
411367 769
411473 768
411580 764
411686 769
411792 769
411899 762
412006 769
412112 767
412219 767
412325 840
412431 770
412538 769
412644 760
412750 768
412857 768
412963 770
413070 760
413177 766
413283 769
413389 768
413496 762
413602 769
413708 766
413815 765
413921 653
414029 767
414135 769
414241 770
414348 738
414454 768
414560 768
414667 769
414773 816
414879 764
414987 769
415093 766
415199 766
415306 768
415412 769
415518 764
415625 768
415731 766
415837 769
415944 768
416051 770
416158 768
416264 769
416370 769
416477 769
416583 773
416689 765
416796 771
416902 769
417009 770
417116 770
417222 823
417328 766
417435 769
417541 764
417647 780
417754 770
417860 767
417966 768
418074 769
418180 767
418286 765
418393 766
418499 766
418605 768
418712 767
418818 768
418924 766
419032 766
419138 769
419245 772
419351 768
419457 768
419564 768
419670 761
419776 768
419883 775
419990 769
420096 759
420203 768
420309 765
420415 768
420522 779
420628 767
420734 768
420841 769
420947 698
421054 768
421161 766
421267 792
421373 766
421480 767
421586 766
421692 768
421799 766
421905 767
422013 769
422119 764
422225 768
422332 767
422438 767
422544 769
422651 765
422757 768
422863 769
422970 771
423077 768
423183 770
423290 767
423396 775
423502 788
423609 766
423715 766
423821 756
423928 765
424035 768
424142 766
424248 759
424354 769
424461 766
424567 768
424673 770
424780 765
424886 768
424993 763
425100 764
425206 767
425312 766
425419 767
425525 768
425631 766
425738 777
425844 769
425950 768
426058 771
426164 769
426270 644
426377 768
426483 769
426589 759
426696 740
426802 770
426908 768
427016 769
427122 714
427229 770
427335 768
427441 765
427548 784
427654 769
427760 766
427867 768
427973 779
428080 769
428187 769
428293 779
428399 770
428506 767
428612 766
428718 768
428825 768
428931 767
429039 768
429145 759
429251 772
429358 768
429464 769
429570 768
429677 769
429783 769
429889 765
429997 767
430103 767
430209 767
430316 769
430422 784
430528 774
430635 768
430741 767
430847 829
430954 768
431061 768
431167 767
431274 761
431380 765
431486 768
431593 763
431699 771
431805 770
431912 769
432019 772
432126 767
432232 767
432338 768
432445 769
432551 768
432657 767
432764 772
432870 760
432976 769
433084 766
433190 768
433296 797
433403 766
433509 768
433615 768
433722 796
433828 766
433934 768
434042 768
434148 769
434254 765
434361 770
434467 768
434573 766
434680 769
434786 766
434892 754
435000 768
435106 768
435213 767
435319 764
435425 767
435532 764
435638 766
435744 774
435851 769
435957 766
436065 767
436171 711
436277 768
436384 767
436490 769
436597 769
436703 626
436810 770
436916 769
437024 769
437130 770
437236 767
437343 767
437449 767
437556 766
437662 766
437769 768
437875 767
437981 767
438089 765
438195 782
438302 766
438408 766
438515 756
438621 725
438728 767
438834 768
438940 766
439048 765
439154 766
439261 769
439367 755
439474 767
439580 765
439687 766
439793 765
439899 766
440007 767
440113 766
440220 769
440326 769
440433 767
440539 766
440646 775
440752 766
440858 769
440965 766
441072 771
441179 759
441285 767
441392 767
441498 777
441605 768
441711 768
441817 736
441924 767
442031 766
442138 763
442244 769
442351 767
442457 765
442564 766
442670 777
442776 766
442883 767
442990 766
443097 808
443203 767
443310 766
443416 770
443523 770
443629 766
443735 767
443842 765
443948 766
444056 767
444162 769
444269 761
444375 767
444482 768
444588 768
444694 769
444801 766
444907 766
445015 768
445121 779
445228 766
445334 766
445441 765
445547 741
445653 767
445760 767
445866 769
445973 767
446080 765
446187 766
446293 761
446400 770
446506 766
446612 764
446719 775
446825 769
446932 764
447039 766
447146 796
447252 767
447359 768
447465 768
447571 719
447678 764
447784 768
447891 759
447998 768
448105 766
448211 768
448318 772
448424 767
448530 768
448637 767
448743 773
448850 765
448956 766
449064 768
449170 754
449277 767
449383 768
449489 768
449596 772
449702 766
449809 767
449915 763
450023 766
450129 765
450236 768
450342 770
450448 765
450555 768
450661 766
450768 766
450874 764
450981 768
451088 777
451195 767
451301 769
451407 767
451514 775
451620 795
451727 769
451833 768
451940 770
452047 763
452154 770
452260 766
452366 777
452473 767
452579 767
452686 768
452792 761
452899 766
453006 767
453113 767
453219 751
453325 767
453432 767
453538 767
453645 686
453751 775
453858 768
453964 766
454072 625
454178 769
454284 767
454391 768
454497 767
454604 767
454710 766
454817 764
454923 768
455031 766
455137 765
455243 764
455350 767
455456 767
455563 767
455669 768
455776 764
455882 770
455990 768
456096 745
456202 766
456309 764
456415 767
456522 772
456628 768
456735 768
456841 774
456947 767
457055 768
457161 766
457268 767
457374 898
457481 765
457587 765
457694 761
457800 762
457906 767
458014 768
458120 763
458227 767
458333 769
458440 768
458546 783
458653 768
458759 767
458865 766
458972 764
459079 770
459186 775
459292 766
459399 768
459505 769
459612 766
459718 766
459824 766
459931 765
460038 767
460145 787
460251 766
460358 768
460464 767
460571 765
460677 768
460783 768
460890 768
460997 767
461104 766
461210 767
461317 770
461423 764
461530 768
461636 767
461742 768
461849 765
461955 769
462063 767
462169 828
462276 766
462382 766
462489 766
462595 775
462701 766
462808 770
462914 769
463022 765
463128 766
463235 764
463341 763
463448 767
463554 768
463660 757
463767 777
463873 766
463980 768
464086 770
464193 766
464299 759
464406 770
464512 771
464619 782
464725 768
464831 768
464938 768
465045 779
465152 768
465258 770
465365 767
465471 768
465578 769
465684 767
465790 768
465897 771
466004 769
466111 767
466217 770
466324 769
466430 768
466537 757
466643 764
466749 767
466856 767
466962 769
467070 733
467176 766
467283 769
467389 766
467496 766
467602 768
467708 767
467815 768
467921 739
468029 767
468135 769
468242 765
468348 769
468455 767
468561 769
468667 761
468774 768
468880 770
468988 766
469094 733
469201 768
469307 770
469414 766
469520 735
469626 767
469733 766
469839 767
469946 787
470053 768
470160 768
470266 767
470373 769
470479 767
470585 766
470692 765
470798 765
470905 769
471012 767
471119 770
471225 767
471332 771
471438 768
471544 790
471651 768
471757 765
471864 771
471970 728
472078 766
472184 763
472291 768
472397 766
472503 768
472610 768
472716 768
472823 766
472929 770
473037 766
473143 770
473250 767
473356 768
473462 767
473569 625
473675 767
473782 768
473888 768
473996 624
474102 770
474209 768
474315 766
474421 764
474528 768
474634 767
474741 768
474847 769
474954 771
475061 769
475168 765
475274 768
475380 764
475487 768
475593 763
475700 769
475806 766
475913 767
476020 735
476127 767
476233 767
476339 762
476446 721
476552 764
476659 768
476765 769
476872 769
476978 766
477086 769
477192 769
477298 767
477405 769
477511 774
477618 769
477724 765
477831 765
477937 767
478045 786
478151 766
478257 766
478364 765
478470 767
478577 765
478683 767
478790 767
478896 773
479004 767
479110 766
479216 763
479323 770
479429 778
479536 765
479642 765
479749 769
479855 768
479961 767
480069 733
480175 768
480282 767
480388 767
480495 767
480601 766
480708 766
480814 766
480920 790
481028 768
481134 767
481241 767
481347 767
481454 765
481560 767
481667 764
481773 764
481879 762
481987 768
482093 768
482200 767
482306 767
482413 770
482519 778
482626 766
482732 764
482838 765
482945 745
483052 764
483159 767
483265 768
483372 767
483478 768
483585 767
483691 763
483797 766
483904 768
484011 765
484118 770
484224 768
484331 770
484437 766
484544 629
484650 766
484756 767
484863 743
484969 728
485077 765
485183 767
485290 768
485396 764
485503 766
485609 768
485715 767
485822 767
485928 767
486036 700
486142 769
486249 767
486355 769
486462 766
486568 764
486674 766
486781 769
486887 768
486995 811
487101 767
487208 767
487314 767
487421 698
487527 766
487633 766
487740 767
487846 766
487953 767
488060 769
488167 765
488273 766
488380 767
488486 767
488592 769
488699 770
488805 767
488912 768
489019 693
489126 769
489232 767
489339 770
489445 736
489551 766
489658 760
489764 765
489871 768
489977 769
490085 767
490191 767
490298 705
490404 767
490510 767
490617 768
490723 766
490830 764
490936 767
491044 770
491150 766
491257 766
491363 765
491469 766
491576 764
491682 765
491789 768
491895 688
492003 765
492109 767
492216 767
492322 768
492428 766
492535 768
492641 767
492748 769
492854 767
492961 766
493068 766
493175 767
493281 768
493387 768
493494 765
493600 767
493707 765
493813 768
493920 760
494027 763
494134 768
494240 768
494346 769
494453 767
494559 768
494666 767
494772 718
494879 767
494986 767
495093 769
495199 766
495305 765
495412 767
495518 646
495625 765
495731 766
495838 766
495944 784
496052 766
496158 768
496264 762
496371 775
496477 767
496584 767
496690 767
496797 766
496903 766
497011 768
497117 766
497223 758
497330 767
497436 768
497543 763
497649 766
497756 766
497862 767
497968 770
498076 767
498182 766
498289 765
498395 761
498502 757
498608 765
498715 767
498821 766
498927 773
499035 766
499141 765
499248 699
499354 767
499461 768
499567 768
499674 768
499780 767
499886 765
499994 771
500100 767
500207 767
500313 765
500420 752
500526 768
500633 768
500739 768
500845 764
500952 774
501059 777
501166 767
501272 799
501379 773
501485 769
501592 758
501698 769
501804 769
501911 766
502018 754
502125 765
502231 766
502338 767
502444 768
502551 767
502657 768
502763 767
502870 889
502976 765
503084 765
503190 767
503297 765
503403 769
503510 767
503616 776
503722 755
503829 767
503935 767
504043 768
504149 753
504256 768
504362 764
504469 769
504575 766
504681 768
504788 768
504894 800
505002 767
505108 767
505215 767
505321 766
505428 766
505534 769
505640 777
505747 769
505853 767
505960 767
506067 764
506174 764
506280 767
506387 769
506493 769
506599 766
506706 765
506812 768
506919 767
507026 769
507133 767
507239 766
507346 767
507452 767
507558 766
507665 768
507771 767
507878 769
507985 770
508092 764
508198 767
508305 769
508411 768
508517 765
508624 766
508730 768
508837 768
508943 740
509051 766
509157 767
509264 768
509370 762
509476 768
509583 768
509689 769
509796 887
509902 769
510010 764
510116 765
510223 780
510329 768
510435 768
510542 769
510648 763
510755 766
510861 770
510968 762
511075 766
511182 767
511288 769
511394 761
511501 767
511607 766
511714 761
511820 761
511927 766
512034 762
512141 765
512247 748
512353 768
512460 766
512566 766
512673 769
512779 766
512886 767
512993 766
513100 759
513206 769
513312 767
513419 803
513525 767
513632 765
513738 766
513845 766
513951 765
514059 767
514165 769
514271 779
514378 766
514484 768
514591 765
514697 768
514804 766
514910 768
515018 636
515124 768
515230 765
515337 764
515443 768
515550 769
515656 766
515763 769
515869 756
515975 768
516083 767
516189 766
516296 739
516402 797
516509 766
516615 768
516722 704
516828 766
516934 769
517042 767
517148 825
517255 772
517361 771
517468 766
517574 768
517681 762
517787 766
517893 726
518001 766
518107 768
518214 768
518320 767
518427 766
518533 765
518640 765
518746 768
518852 768
518959 766
519066 766
519173 801
519279 767
519386 766
519492 768
519599 764
519705 766
519811 765
519918 772
520025 768
520132 766
520238 768
520345 762
520451 767
520558 766
520664 765
520770 773
520877 767
520985 769
521092 765
521198 767
521304 768
521411 772
521517 893
521624 768
521730 767
521837 768
521943 766
522051 764
522157 768
522263 766
522370 767
522476 767
522583 766
522689 766
522796 726
522902 766
523010 766
523116 777
523222 672
523329 768
523435 769
523542 763
523648 765
523755 768
523861 769
523967 832
524075 765
524181 765
524288 771
524394 771
524501 775
524607 766
524714 770
524820 762
524926 767
525034 764
525140 767
525247 747
525353 767
525460 768
525566 778
525673 768
525779 767
525885 767
525993 766
526099 764
526206 765
526312 763
526419 792
526525 767
526632 766
526738 768
526844 786
526951 768
527058 767
527165 776
527271 692
527378 766
527484 767
527591 773
527697 767
527803 767
527910 765
528017 769
528124 766
528230 767
528337 770
528443 767
528550 767
528656 768
528762 767
528869 761
528975 766
529083 767
529189 767
529296 762
529402 762
529509 767
529615 765
529721 767
529828 758
529934 767
530042 762
530148 767
530255 768
530361 766
530468 769
530574 767
530680 769
530787 770
530893 820
531001 767
531107 769
531214 768
531320 846
531427 766
531533 768
531639 766
531746 766
531852 767
531959 766
532066 767
532173 769
532279 766
532386 768
532492 766
532598 766
532705 766
532811 767
532918 771
533025 767
533132 770
533238 768
533345 770
533451 767
533557 771
533664 763
533770 770
533877 769
533985 770
534092 757
534198 775
534305 770
534411 768
534518 778
534624 770
534730 764
534837 767
534943 767
535051 767
535157 768
535264 768
535370 697
535477 755
535583 768
535689 766
535796 728
535902 767
536010 763
536116 767
536223 904
536329 770
536436 766
536542 813
536648 768
536755 767
536861 767
536968 713
537075 768
537182 769
537288 767
537395 771
537501 769
537607 769
537714 766
537820 769
537927 770
538034 767
538141 768
538247 759
538354 766
538460 766
538566 764
538673 766
538779 766
538886 768
538993 765
539100 764
539206 769
539313 764
539419 768
539525 767
539632 766
539738 769
539845 765
539951 767
540059 767
540165 770
540272 901
540378 769
540484 768
540591 758
540697 767
540804 763
540910 765
541018 766
541124 767
541231 768
541337 771
541443 767
541550 770
541656 768
541763 769
541869 774
541976 765
542083 767
542190 767
542296 759
542402 770
542509 767
542615 773
542722 767
542828 767
542935 767
543042 765
543149 767
543255 767
543361 767
543468 767
543574 768
543681 768
543787 767
543894 807
544001 765
544108 769
544214 767
544320 770
544427 769
544533 767
544640 772
544746 768
544853 767
544959 765
545067 770
545173 757
545279 766
545386 766
545492 768
545599 770
545705 767
545812 763
545918 767
546026 767
546132 765
546238 767
546345 769
546451 767
546558 767
546664 769
546771 767
546877 766
546985 768
547092 767
547198 769
547304 771
547411 768
547517 731
547624 768
547730 769
547837 769
547943 766
548051 766
548157 769
548263 765
548370 767
548476 767
548583 767
548689 769
548796 766
548902 769
549010 769
549116 768
549222 766
549329 766
549435 768
549542 814
549648 767
549755 768
549861 767
549967 793
550075 768
550181 767
550288 775
550394 769
550501 767
550607 768
550714 766
550820 769
550926 768
551034 767
551140 768
551247 760
551353 769
551460 768
551566 765
551673 783
551779 769
551885 766
551993 775
552099 767
552206 766
552312 767
552419 767
552525 767
552632 770
552738 842
552844 765
552951 768
553058 766
553165 768
553271 795
553378 760
553484 768
553591 766
553697 769
553803 767
553910 765
554017 775
554124 768
554230 770
554337 768
554443 754
554550 765
554656 766
554762 766
554869 768
554975 768
555083 768
555189 767
555296 767
555402 767
555509 764
555615 774
555721 769
555828 769
555934 769
556042 782
556148 768
556255 767
556361 767
556468 769
556574 767
556680 766
556787 766
556893 853
557001 769
557107 767
557214 768
557320 791
557427 770
557533 770
557639 773
557746 754
557852 757
557959 766
558066 776
558173 767
558279 768
558386 767
558492 767
558598 765
558705 766
558811 767
558918 836
559025 765
559132 764
559238 767
559345 779
559451 768
559557 766
559664 754
559770 766
559877 772
559984 774
560091 767
560198 767
560304 768
560411 773
560517 691
560623 769
560730 769
560836 768
560943 775
561050 767
561157 768
561263 765
561370 822
561476 766
561582 772
561689 775
561795 769
561902 768
562009 767
562116 771
562222 767
562329 768
562435 764
562541 777
562648 770
562754 769
562861 767
562967 800
563075 769
563181 767
563288 767
563394 766
563500 767
563607 769
563713 772
563820 757
563926 765
564034 770
564140 766
564247 768
564353 766
564459 769
564566 767
564672 767
564779 769
564885 770
564993 767
565099 751
565206 766
565312 766
565418 768
565525 767
565631 769
565738 766
565844 769
565951 767
566058 772
566165 767
566271 764
566377 770
566484 789
566590 773
566697 768
566803 765
566910 763
567017 769
567124 766
567230 767
567336 766
567443 768
567549 770
567656 768
567762 767
567869 769
567975 768
568083 768
568189 766
568295 748
568402 767
568508 766
568615 779
568721 768
568828 767
568934 768
569042 801
569148 767
569254 770
569361 767
569467 767
569574 765
569680 766
569787 768
569893 747
570001 758
570107 768
570213 768
570320 889
570426 768
570533 768
570639 770
570746 681
570852 763
570958 763
571066 764
571172 767
571279 768
571385 769
571492 769
571598 770
571705 767
571811 767
571917 779
572025 768
572131 767
572238 768
572344 769
572451 768
572557 766
572664 767
572770 767
572876 766
572985 768
573092 763
573198 766
573305 769
573411 777
573517 853
573624 765
573730 766
573837 767
573943 767
574051 768
574157 766
574264 768
574370 759
574476 770
574583 767
574689 765
574796 769
574902 768
575010 770
575116 726
575223 768
575329 772
575435 767
575542 775
575648 766
575755 766
575861 767
575968 694
576075 769
576182 764
576288 766
576394 707
576501 767
576607 767
576714 771
576820 731
576927 768
577034 765
577141 766
577247 770
577353 767
577460 767
577566 757
577673 770
577779 768
577886 768
577993 769
578100 765
578206 766
578312 769
578419 799
578525 766
578632 766
578738 771
578845 768
578951 768
579059 768
579165 765
579271 753
579378 766
579484 767
579591 766
579697 767
579804 768
579910 769
580018 760
580124 766
580230 767
580337 764
580443 766
580550 769
580656 768
580763 769
580869 811
580975 766
581083 767
581189 768
581296 768
581402 767
581509 767
581615 768
581722 775
581828 768
581934 768
582042 712
582148 767
582255 767
582361 765
582468 765
582574 768
582681 776
582787 770
582893 755
583001 762
583107 767
583214 766
583320 697
583427 768
583533 765
583640 765
583746 767
583852 771
583959 765
584066 770
584173 768
584279 767
584386 766
584492 767
584599 767
584705 773
584811 766
584918 765
585025 767
585132 768
585238 764
585345 764
585451 767
585558 766
585664 766
585770 768
585877 768
585985 770
586092 803
586198 770
586304 768
586411 773
586517 805
586624 770
586730 769
586837 768
586943 767
587051 769
587157 767
587263 768
587370 766
587476 766
587583 764
587689 765
587796 771
587902 768
588010 768
588116 742
588222 766
588329 768
588435 767
588542 790
588648 769
588755 767
588861 766
588967 786
589075 768
589181 766
589288 761
589394 768
589501 768
589607 766
589714 758
589820 768
589926 765
590034 766
590140 683
590247 767
590353 768
590460 765
590566 779
590673 768
590779 769
590885 766
590993 765
591099 765
591206 768
591312 770
591419 766
591525 767
591632 764
591738 766
591844 768
591951 767
592058 765
592165 769
592271 765
592378 768
592484 759
592591 753
592697 766
592803 768
592910 770
593017 767
593124 767
593230 769
593337 767
593443 768
593550 768
593656 768
593762 763
593869 763
593975 767
594083 768
594189 772
594296 803
594402 766
594509 769
594615 649
594721 766
594828 765
594934 756
595042 762
595148 765
595255 764
595361 768
595468 769
595574 767
595680 769
595787 765
595893 766
596001 766
596107 766
596214 765
596320 791
596427 767
596533 769
596639 767
596746 767
596852 768
596959 765
597066 776
597173 741
597279 768
597386 766
597492 767
597598 762
597705 763
597811 768
597918 771
598025 769
598132 768
598238 768
598345 768
598451 765
598557 766
598664 772
598770 768
598877 768
598985 770
599092 762
599198 768
599305 768
599411 769
599518 769
599624 770
599730 769
599837 775
599943 836
600051 769
600157 767
600264 768
600370 759
600477 767
600583 766
600689 768
600796 768
600902 766
601010 766
601116 771
601223 770
601329 769
601436 765
601542 785
601648 767
601755 768
601861 766
601968 842
602075 766
602182 765
602288 767
602395 677
602501 769
602607 767
602714 768
602820 765
602927 765
603034 769
603141 760
603247 768
603354 770
603460 766
603566 757
603673 768
603779 769
603886 768
603993 767
604100 768
604206 768
604313 768
604419 720
604525 768
604632 767
604738 772
604845 766
604951 757
605059 754
605165 768
605272 769
605378 768
605484 766
605591 725
605697 767
605804 767
605910 766
606018 891
606124 769
606231 768
606337 769
606443 770
606550 747
606656 766
606763 766
606869 767
606976 766
607083 767
607190 769
607296 765
607402 762
607509 761
607615 761
607722 763
607828 768
607935 767
608042 770
608149 768
608255 767
608361 767
608468 767
608574 768
608681 769
608787 770
608894 715
609001 768
609108 769
609214 768
609320 766
609427 768
609533 770
609640 699
609746 768
609853 767
609959 770
610067 715
610173 769
610279 782
610386 767
610492 768
610599 767
610705 767
610812 765
610918 769
611026 768
611132 767
611238 762
611345 772
611451 769
611558 767
611664 769
611771 767
611877 777
611985 768
612092 768
612198 768
612304 770
612411 770
612517 767
612624 767
612730 770
612837 769
612943 769
613051 770
613157 768
613263 768
613370 760
613476 763
613583 770
613689 770
613796 768
613902 766
614010 767
614116 771
614222 766
614329 768
614435 768
614542 783
614648 769
614755 770
614861 767
614967 762
615075 766
615181 768
615288 769
615394 769
615501 767
615607 767
615714 761
615820 768
615926 769
616034 768
616140 766
616247 768
616353 765
616460 766
616566 778
616673 770
616779 767
616885 768
616993 767
617099 768
617206 761
617312 769
617419 837
617525 766
617632 769
617738 759
617844 766
617951 767
618058 763
618165 771
618271 768
618378 768
618484 765
618591 777
618697 766
618803 767
618910 765
619017 767
619124 767
619230 767
619337 769
619443 768
619550 767
619656 766
619762 767
619869 770
619975 767
620083 767
620189 763
620296 767
620402 769
620509 760
620615 792
620721 768
620828 767
620934 769
621042 769
621148 768
621255 767
621361 772
621468 768
621574 763
621680 769
621787 768
621893 814
622001 768
622107 768
622214 768
622320 766
622427 769
622533 770
622639 743
622746 769
622852 774
622959 768
623066 747
623173 766
623279 766
623386 767
623492 767
623598 768
623705 768
623811 769
623918 731
624025 769
624132 766
624238 768
624345 820
624451 766
624557 767
624664 762
624770 766
624877 767
624984 771
625091 778
625198 770
625304 769
625411 768
625517 769
625623 768
625730 768
625836 760
625943 770
626050 767
626157 771
626263 765
626370 769
626476 770
626582 762
626689 662
626795 770
626902 766
627009 769
627116 767
627222 769
627329 767
627435 769
627541 720
627648 764
627754 771
627861 768
627967 768
628075 767
628181 761
628288 770
628394 763
628500 769
628607 767
628713 757
628820 767
628926 768
629034 768
629140 758
629247 769
629353 766
629459 767
629566 729
629672 768
629779 766
629885 766
629993 763
630099 767
630206 770
630312 746
630418 740
630525 766
630631 768
630738 773
630844 770
630951 766
631058 776
631165 768
631271 769
631377 768
631484 768
631590 688
631697 768
631803 767
631910 765
632017 768
632124 767
632230 765
632336 767
632443 769
632549 767
632656 769
632762 770
632869 772
632975 763
633083 767
633189 785
633295 766
633402 766
633508 772
633615 777
633721 768
633828 769
633934 766
634042 767
634148 769
634254 768
634361 775
634467 766
634574 770
634680 768
634787 768
634893 768
635001 769
635107 769
635213 770
635320 765
635426 778
635533 769
635639 815
635746 768
635852 767
635958 767
636066 775
636172 767
636279 766
636385 766
636492 766
636598 768
636705 770
636811 766
636917 782
637025 767
637131 767
637238 769
637344 768
637451 769
637557 768
637664 766
637770 764
637876 767
637985 767
638092 758
638198 767
638305 766
638411 768
638517 767
638624 767
638730 767
638837 768
638943 767
639051 765
639157 770
639264 767
639370 770
639476 764
639583 765
639689 768
639796 767
639902 776
640010 764
640116 768
640223 765
640329 769
640435 767
640542 766
640648 767
640755 769
640861 762
640968 888
641075 766
641182 766
641288 761
641394 720
641501 767
641607 765
641714 735
641820 764
641927 775
642034 765
642141 735
642247 773
642353 767
642460 769
642566 767
642673 767
642779 767
642886 766
642993 767
643100 756
643206 766
643312 711
643419 769
643525 766
643632 767
643738 770
643845 771
643951 766
644059 770
644165 727
644271 766
644378 767
644484 767
644591 765
644697 767
644804 760
644910 767
645018 768
645124 764
645230 766
645337 772
645443 768
645550 766
645656 765
645763 770
645869 768
645975 768
646083 767
646189 764
646296 768
646402 767
646509 770
646615 721
646722 769
646828 764
646934 761
647042 768
647148 767
647255 768
647361 778
647468 767
647574 767
647681 768
647787 762
647893 775
648001 767
648107 768
648214 802
648320 769
648427 768
648533 767
648640 785
648746 766
648852 765
648959 768
649066 770
649173 766
649279 769
649386 762
649492 767
649599 766
649705 766
649811 763
649918 773
650025 769
650132 772
650238 724
650345 767
650451 772
650558 758
650664 774
650770 768
650877 756
650985 767
651092 766
651198 770
651304 768
651411 771
651517 771
651624 770
651730 765
651837 770
651943 764
652051 767
652157 766
652263 804
652370 766
652476 768
652583 768
652689 799
652796 768
652902 767
653010 765
653116 769
653222 767
653329 767
653435 768
653542 767
653648 764
653755 767
653861 773
653967 765
654075 768
654181 768
654288 887
654394 768
654501 767
654607 767
654713 638
654819 769
654926 768
655033 770
655139 798
655246 773
655352 768
655458 767
655565 745
655671 770
655777 774
655883 767
655991 758
656097 768
656203 766
656310 766
656416 689
656522 766
656629 765
656735 768
656841 808
656947 766
657055 769
657161 767
657267 792
657374 768
657480 769
657586 779
657693 768
657799 768
657905 756
658013 771
658119 767
658225 763
658331 762
658438 766
658544 767
658650 769
658757 766
658863 767
658969 769
659077 768
659183 767
659289 767
659395 767
659502 770
659608 769
659714 760
659821 768
659927 770
660034 764
660141 773
660247 767
660353 765
660459 766
660566 763
660672 769
660778 768
660885 768
660992 770
661098 768
661204 769
661311 769
661417 865
661523 768
661630 768
661736 763
661842 800
661948 767
662056 768
662162 766
662268 767
662375 766
662481 757
662587 762
662694 774
662800 766
662906 766
663014 763
663120 766
663226 768
663332 769
663439 782
663545 768
663651 773
663758 769
663864 784
663970 768
664078 765
664184 768
664290 764
664396 760
664503 768
664609 767
664715 766
664822 767
664928 773
665035 767
665142 768
665248 766
665354 771
665460 770
665567 770
665673 767
665779 767
665886 768
665993 770
666099 766
666206 766
666312 767
666418 778
666524 766
666631 770
666737 770
666843 767
666950 767
667057 768
667163 767
667270 769
667376 767
667482 768
667588 703
667695 768
667801 767
667907 767
668015 892
668121 767
668227 766
668334 770
668440 769
668546 770
668652 765
668759 766
668865 779
668971 760
669079 767
669185 768
669291 702
669397 767
669504 770
669610 769
669716 713
669823 769
669929 768
670036 767
670143 791
670249 766
670355 767
670461 768
670568 766
670674 769
670780 767
670887 771
670994 768
671100 767
671207 768
671313 763
671419 766
671525 769
671632 771
671738 806
671844 768
671951 768
672058 769
672164 772
672271 765
672377 767
672483 769
672589 721
672696 767
672802 770
672908 758
673016 704
673122 768
673228 768
673335 768
673441 767
673547 774
673653 770
673760 775
673866 768
673972 767
674080 767
674186 767
674292 603
674399 766
674505 767
674611 780
674717 765
674824 771
674930 769
675037 770
675144 779
675250 779
675356 767
675463 767
675569 767
675675 769
675781 769
675888 763
675995 783
676101 767
676208 770
676314 769
676420 766
676527 769
676633 767
676739 802
676845 767
676952 767
677059 769
677165 767
677272 770
677378 768
677484 781
677590 769
677697 771
677803 770
677909 770
678017 781
678123 767
678229 759
678336 765
678442 766
678548 766
678654 766
678761 765
678867 765
678973 766
679081 769
679187 770
679293 769
679400 768
679506 769
679612 689
679718 766
679825 767
679931 770
680038 760
680145 767
680251 769
680357 768
680464 771
680570 767
680676 768
680782 768
680889 756
680996 771
681102 768
681209 768
681315 769
681421 772
681528 769
681634 770
681740 775
681846 766
681953 768
682060 768
682166 766
682273 767
682379 769
682485 769
682592 764
682698 766
682804 765
682910 761
683018 768
683124 767
683230 769
683337 761
683443 767
683549 767
683656 766
683762 769
683868 769
683974 772
684082 771
684188 774
684294 765
684401 768
684507 760
684613 745
684720 769
684826 766
684932 769
685039 761
685146 769
685252 768
685358 769
685465 766
685571 769
685677 767
685783 771
685890 769
685997 767
686103 767
686210 758
686316 767
686422 766
686529 769
686635 771
686741 765
686847 766
686954 768
687061 768
687167 767
687274 768
687380 768
687486 769
687593 769
687699 768
687805 767
687911 772
688019 769
688125 769
688231 767
688338 794
688444 769
688550 766
688657 768
688763 795
688869 769
688975 768
689083 769
689189 750
689295 768
689402 766
689508 769
689614 774
689721 790
689827 766
689933 769
690041 775
690147 766
690253 768
690359 764
690466 766
690572 767
690678 767
690785 771
690891 766
690998 768
691105 770
691211 766
691317 767
691423 769
691530 769
691636 771
691742 767
691849 768
691955 769
692062 757
692169 766
692275 768
692381 766
692487 770
692594 792
692700 767
692806 757
692913 769
693020 713
693126 768
693232 772
693339 768
693445 768
693551 770
693658 767
693764 820
693870 768
693976 770
694084 765
694190 766
694296 767
694403 767
694509 759
694615 766
694722 765
694828 768
694934 758
695042 771
695148 762
695254 772
695360 766
695467 774
695573 768
695679 771
695786 760
695892 766
695999 765
696106 767
696212 830
696318 767
696424 766
696531 767
696637 769
696743 768
696850 769
696956 767
697063 720
697170 769
697276 769
697382 770
697488 769
697595 767
697701 772
697807 768
697914 725
698021 765
698127 766
698234 766
698340 766
698446 767
698552 766
698659 766
698765 768
698871 768
698978 765
699085 759
699191 769
699298 768
699404 768
699510 771
699616 768
699723 772
699829 769
699935 763
700043 766
700149 772
700255 766
700362 813
700468 768
700574 767
700680 768
700787 600
700893 768
701000 767
701107 769
701213 811
701319 772
701425 770
701532 768
701638 763
701744 769
701851 769
701957 769
702064 764
702171 768
702277 771
702383 766
702489 772
702596 765
702702 766
702808 765
702915 764
703022 766
703128 764
703235 773
703341 767
703447 767
703553 769
703660 767
703766 767
703872 769
703979 767
704086 762
704192 757
704299 768
704405 769
704511 767
704617 768
704724 769
704830 766
704936 764
705044 765
705150 765
705256 768
705363 766
705469 766
705575 761
705681 766
705788 781
705894 769
706001 768
706108 770
706214 767
706320 768
706427 764
706533 768
706639 767
706745 767
706852 768
706958 769
707065 731
707172 767
707278 774
707384 767
707491 766
707597 769
707703 770
707809 766
707916 741
708023 767
708129 768
708236 769
708342 752
708448 770
708554 768
708661 776
708767 769
708873 770
708980 770
709086 821
709193 769
709299 768
709405 771
709511 810
709618 770
709724 769
709830 768
709937 774
710044 767
710150 767
710257 769
710363 762
710469 766
710575 766
710682 766
710788 775
710894 768
711002 763
711108 781
711214 716
711321 768
711427 772
711533 768
711639 770
711746 766
711852 769
711958 769
712066 769
712172 768
712278 773
712385 768
712491 766
712597 767
712703 768
712810 770
712916 765
713023 765
713130 769
713236 771
713342 714
713448 769
713555 770
713661 773
713767 770
713874 763
713980 767
714086 769
714193 769
714299 769
714405 768
714511 844
714618 768
714724 768
714830 768
714937 791
715044 769
715150 767
715257 769
715363 831
715469 765
715575 766
715682 769
715788 750
715894 758
716002 768
716108 768
716214 762
716321 770
716427 768
716533 765
716639 767
716746 768
716852 770
716958 772
717066 767
717172 770
717278 769
717385 766
717491 768
717597 769
717703 767
717810 768
717916 767
718023 768
718130 766
718236 637
718342 768
718449 769
718555 767
718661 777
718767 764
718874 769
718980 768
719086 779
719193 763
719299 766
719405 762
719512 733
719618 769
719724 768
719830 770
719937 731
720044 766
720150 765
720257 762
720363 650
720469 769
720575 769
720682 767
720788 770
720894 768
721002 767
721108 765
721214 767
721321 765
721427 768
721533 767
721639 767
721746 759
721852 769
721958 764
722066 768
722172 769
722278 767
722385 775
722491 770
722597 768
722703 770
722810 765
722916 768
723023 768
723130 769
723236 709
723342 768
723449 767
723555 766
723661 771
723767 767
723874 767
723980 770
724086 763
724193 770
724299 764
724405 769
724512 798
724618 767
724724 764
724830 771
724937 772
725044 767
725150 769
725257 767
725363 746
725469 766
725576 777
725682 766
725788 766
725894 769
726002 784
726108 768
726214 767
726321 766
726427 763
726533 769
726640 767
726746 768
726852 770
726958 780
727066 766
727172 765
727278 768
727385 770
727491 769
727597 768
727704 768
727810 764
727916 768
728023 768
728130 768
728236 782
728342 770
728449 770
728555 769
728661 766
728767 770
728874 769
728980 767
729086 703
729193 768
729299 768
729405 767
729512 754
729618 767
729724 768
729830 765
729937 742
730044 767
730150 770
730257 769
730363 764
730469 769
730576 768
730682 769
730788 771
730894 768
731002 767
731108 776
731214 764
731321 765
731427 768
731533 762
731640 767
731746 768
731852 768
731958 766
732066 767
732172 765
732278 768
732385 768
732491 765
732597 769
732704 767
732810 769
732916 770
733024 767
733130 767
733236 799
733342 770
733449 767
733555 767
733661 784
733768 767
733874 765
733980 766
734086 767
734193 766
734299 767
734405 767
734512 741
734618 768
734724 766
734830 768
734937 821
735044 766
735150 770
735257 769
735363 772
735469 770
735576 767
735682 775
735788 770
735894 770
736002 765
736108 775
736214 769
736321 770
736427 768
736533 768
736640 767
736746 771
736852 767
736958 772
737066 770
737172 767
737278 770
737385 767
737491 767
737597 769
737704 767
737810 762
737916 769
738024 765
738130 764
738236 773
738342 767
738449 768
738555 766
738661 740
738768 769
738874 767
738980 768
739086 765
739193 766
739299 766
739405 768
739512 731
739618 767
739724 767
739830 766
739937 767
740044 769
740150 769
740257 769
740363 768
740469 767
740576 767
740682 767
740788 769
740894 761
741002 767
741108 771
741214 798
741321 767
741427 768
741533 760
741640 770
741746 770
741852 768
741958 763
742066 761
742172 768
742278 772
742385 767
742491 772
742597 770
742704 770
742810 768
742916 760
743024 768
743130 766
743236 767
743342 767
743449 769
743555 767
743661 736
743768 766
743874 760
743980 768
744086 768
744193 768
744299 766
744405 766
744512 821
744618 767
744724 766
744830 755
744937 768
745044 764
745150 768
745257 769
745363 643
745469 769
745576 769
745682 768
745788 771
745894 764
746002 767
746108 775
746214 760
746321 769
746427 764
746533 764
746640 768
746746 771
746852 767
746958 770
747066 768
747172 769
747278 767
747385 768
747491 769
747597 769
747704 768
747810 770
747916 770
748024 766
748130 768
748236 759
748342 766
748449 769
748555 767
748661 762
748768 767
748874 767
748980 766
749086 764
749193 765
749299 767
749405 769
749512 721
749618 768
749724 767
749830 767
749937 763
750044 769
750150 793
750257 770
750363 913
750469 769
750576 767
750682 769
750788 767
750894 771
751002 764
751108 768
751214 803
751321 770
751427 767
751533 771
751640 767
751746 768
751852 766
751958 765
752066 768
752172 769
752278 770
752385 768
752491 767
752597 765
752704 771
752810 769
752916 763
753024 766
753130 766
753236 764
753342 767
753449 768
753555 767
753661 755
753768 765
753874 789
753980 766
754086 773
754193 765
754299 762
754405 766
754512 693
754618 768
754724 767
754830 768
754937 768
755044 770
755150 761
755257 766
755363 733
755469 770
755576 767
755682 770
755788 775
755894 765
756002 767
756108 771
756214 728
756321 766
756427 766
756533 765
756640 769
756746 769
756852 767
756958 769
757066 766
757172 769
757278 768
757385 764
757491 767
757597 770
757704 751
757810 685
757916 771
758024 768
758130 765
758236 763
758342 768
758449 768
758555 769
758661 764
758768 768
758874 767
758980 767
759086 762
759193 764
759299 767
759405 768
759512 728
759618 772
759724 767
759830 764
759937 729
760044 767
760150 768
760257 765
760363 782
760469 768
760576 770
760682 769
760788 768
760894 764
761002 765
761108 766
761214 783
761321 769
761427 766
761533 773
761640 766
761746 767
761852 768
761958 769
762066 770
762172 768
762278 775
762385 766
762491 769
762597 768
762704 768
762810 786
762916 766
763024 767
763130 767
763236 770
763342 767
763449 770
763555 766
763661 730
763768 765
763874 768
763980 768
764086 769
764193 768
764299 769
764405 768
764512 757
764618 768
764724 764
764830 767
764937 763
765044 769
765150 760
765257 770
765363 771
765469 768
765576 770
765682 764
765788 769
765894 765
766002 767
766108 772
766214 770
766321 768
766427 766
766533 759
766640 768
766746 758
766852 765
766958 776
767066 768
767172 769
767278 770
767385 772
767491 769
767597 769
767704 772
767810 769
767916 769
768024 767
768130 767
768236 775
768342 764
768449 766
768555 767
768661 694
768768 766
768874 767
768980 768
769086 828
769193 767
769299 770
769405 768
769512 768
769618 766
769724 767
769830 767
769937 760
770044 767
770150 768
770257 769
770363 710
770469 769
770576 767
770682 763
770788 768
770894 769
771002 768
771108 768
771214 745
771321 765
771427 766
771533 763
771640 775
771746 767
771852 766
771958 768
772066 766
772172 767
772278 762
772385 767
772491 769
772597 771
772704 762
772810 800
772916 756
773024 764
773130 766
773236 762
773342 770
773449 767
773555 767
773661 700
773768 766
773874 767
773980 765
774086 769
774193 765
774299 766
774405 766
774512 766
774618 768
774724 766
774830 764
774937 765
775044 769
775150 768
775257 771
775363 772
775469 769
775576 770
775682 769
775788 769
775894 767
776002 767
776108 770
776214 726
776321 767
776427 770
776533 764
776640 767
776746 771
776852 762
776958 765
777066 768
777172 769
777278 768
777385 765
777491 768
777597 770
777704 769
777810 774
777916 767
778024 762
778130 769
778236 765
778342 767
778449 766
778555 765
778661 776
778768 767
778874 767
778980 768
779086 767
779193 766
779299 767
779405 767
779512 768
779618 767
779724 766
779830 765
779937 790
780044 770
780150 791
780257 768
780363 684
780469 769
780576 767
780682 769
780788 766
780894 768
781002 769
781108 767
781214 769
781321 767
781427 767
781533 782
781640 770
781746 767
781852 768
781958 762
782066 769
782172 769
782278 776
782385 759
782491 767
782597 766
782704 769
782810 795
782916 774
783024 768
783130 766
783236 759
783342 769
783449 766
783555 766
783661 760
783768 766
783874 766
783980 768
784086 774
784193 766
784299 767
784405 766
784512 755
784618 769
784724 766
784830 767
784937 819
785044 770
785150 769
785257 749
785363 826
785469 767
785576 767
785682 778
785788 770
785894 769
786002 767
786108 767
786214 766
786321 767
786427 769
786533 772
786640 768
786746 765
786852 766
786958 766
787066 769
787172 769
787278 767
787385 769
787491 768
787597 776
787704 769
787810 776
787916 768
788024 766
788130 767
788236 766
788342 766
788449 774
788555 768
788661 765
788768 766
788874 769
788980 766
789086 773
789193 766
789299 766
789405 767
789512 765
789618 765
789724 762
789830 767
789937 771
790044 769
790150 767
790257 766
790363 754
790469 769
790576 767
790682 772
790788 748
790894 768
791002 767
791108 768
791214 768
791321 770
791427 770
791533 768
791640 768
791746 769
791852 762
791958 767
792066 768
792172 768
792278 769
792385 772
792491 768
792597 768
792704 759
792810 734
792916 768
793024 759
793130 768
793236 771
793342 769
793449 766
793555 767
793661 727
793768 764
793874 766
793980 766
794086 893
794193 767
794299 766
794405 764
794512 769
794618 768
794724 767
794830 767
794937 765
795044 768
795150 768
795257 769
795363 774
795469 767
795576 767
795682 767
795788 769
795894 770
796002 768
796108 767
796214 767
796321 770
796427 767
796533 767
796640 769
796746 769
796852 766
796958 768
797066 769
797172 768
797278 769
797385 773
797491 767
797597 768
797704 769
797810 749
797916 769
798024 767
798130 766
798236 767
798342 765
798449 763
798555 767
798661 767
798768 766
798874 766
798980 768
799086 595
799193 765
799299 767
799405 765
799512 767
799618 764
799724 768
799830 764
799937 759
800044 769
800150 777
800257 768
800363 796
800469 783
800576 767
800682 776
800788 774
800894 768
801002 767
801108 817
801214 767
801321 770
801427 768
801533 814
801640 769
801746 766
801852 769
801958 692
802066 769
802172 771
802278 769
802385 778
802491 768
802597 769
802704 769
802810 762
802916 766
803024 757
803130 765
803236 797
803342 767
803449 757
803555 768
803661 773
803768 767
803874 769
803980 768
804086 782
804193 767
804299 767
804405 769
804512 767
804618 767
804724 769
804830 762
804937 766
805044 769
805150 768
805257 769
805363 786
805469 769
805576 766
805682 762
805788 769
805894 770
806002 767
806108 768
806214 768
806321 766
806427 768
806533 689
806640 770
806746 769
806852 766
806958 765
807066 768
807172 769
807278 769
807385 769
807491 766
807597 766
807704 770
807810 764
807916 760
808024 767
808130 766
808236 773
808342 768
808449 767
808555 766
808661 766
808768 767
808874 775
808980 768
809086 777
809193 757
809299 765
809405 765
809512 766
809618 765
809724 768
809830 774
809937 774
810044 769
810150 769
810257 769
810363 732
810469 769
810576 767
810682 766
810788 770
810894 775
811002 768
811108 742
811214 770
811321 767
811427 765
811533 777
811640 767
811746 769
811852 766
811958 769
812066 769
812172 780
812278 766
812385 762
812491 789
812597 771
812704 774
812810 758
812916 769
813024 768
813130 768
813236 726
813342 767
813449 767
813555 769
813661 763
813768 767
813874 766
813980 767
814086 769
814193 764
814299 748
814405 768
814512 767
814618 777
814724 769
814830 763
814937 751
815044 769
815150 769
815257 767
815363 714
815469 769
815576 769
815682 771
815788 749
815894 767
816002 767
816108 767
816214 771
816321 767
816427 767
816533 808
816640 767
816746 768
816852 769
816958 798
817066 770
817172 762
817278 768
817385 760
817491 768
817597 767
817704 769
817810 750
817916 770
818024 765
818130 768
818236 767
818342 768
818449 767
818555 759
818661 767
818768 765
818874 766
818980 767
819086 768
819193 765
819299 765
819405 766
819512 767
819618 768
819724 766
819830 767
819937 765
820044 766
820150 765
820257 765
820363 773
820469 770
820576 769
820682 767
820788 770
820894 769
821002 772
821108 767
821214 767
821321 768
821427 767
821533 736
821640 770
821746 768
821852 766
821958 769
822066 769
822172 764
822278 767
822385 763
822491 768
822597 769
822704 770
822810 768
822916 768
823024 766
823130 769
823236 713
823342 767
823449 767
823555 773
823661 767
823768 768
823874 766
823980 761
824086 667
824193 768
824299 768
824405 767
824512 766
824618 770
824724 764
824830 768
824937 744
825044 769
825150 769
825257 772
825363 767
825469 769
825576 770
825682 774
825788 781
825894 769
826002 767
826108 772
826214 767
826321 768
826427 769
826533 752
826640 767
826746 767
826852 764
826958 811
827066 769
827172 768
827278 768
827385 765
827491 768
827597 787
827704 767
827810 772
827916 785
828024 766
828130 768
828236 767
828342 767
828449 767
828555 770
828661 815
828768 767
828874 768
828980 768
829086 913
829193 767
829299 766
829405 767
829512 766
829618 765
829724 767
829830 764
829937 765
830044 767
830150 768
830257 765
830363 767
830469 770
830576 768
830682 771
830788 770
830894 769
831002 768
831108 769
831214 769
831321 769
831427 769
831533 808
831640 768
831746 767
831852 771
831958 764
832066 769
832172 763
832278 766
832385 773
832491 770
832597 768
832704 767
832810 765
832916 762
833024 766
833130 775
833236 707
833342 768
833449 766
833555 765
833661 767
833768 767
833874 768
833980 765
834086 729
834193 767
834299 768
834405 767
834512 765
834618 765
834724 768
834830 767
834937 689
835044 769
835150 769
835257 768
835363 769
835469 769
835576 770
835682 767
835788 769
835894 769
836002 769
836108 816
836214 767
836321 767
836427 770
836533 761
836640 768
836746 765
836852 769
836958 816
837066 767
837172 768
837278 768
837385 773
837491 770
837597 767
837704 770
837810 767
837916 769
838024 767
838130 766
838236 798
838342 767
838449 766
838555 763
838661 766
838768 766
838874 768
838980 775
839086 765
839193 765
839299 767
839405 762
839512 768
839618 765
839724 762
839830 766
839937 769
840044 769
840150 770
840257 768
840363 771
840469 768
840576 770
840682 853
840788 769
840894 768
841002 768
841108 735
841214 768
841321 766
841427 769
841533 806
841640 765
841746 769
841852 774
841958 746
842066 768
842172 769
842278 770
842385 769
842491 770
842597 766
842704 768
842810 769
842916 769
843024 768
843130 766
843236 765
843342 769
843449 766
843555 770
843661 769
843768 759
843874 768
843980 769
844086 770
844193 769
844299 768
844405 769
844512 767
844618 763
844724 766
844830 766
844937 764
845044 766
845150 768
845257 770
845363 768
845469 775
845576 769
845682 637
845788 770
845894 768
846002 769
846108 786
846214 768
846321 768
846427 770
846533 739
846640 767
846746 765
846852 764
846958 744
847066 766
847172 769
847278 769
847385 768
847491 769
847597 768
847704 768
847810 769
847916 768
848024 768
848130 766
848236 768
848342 764
848449 767
848555 768
848661 768
848768 766
848874 765
848980 763
849086 769
849193 767
849299 767
849405 766
849512 764
849618 768
849724 766
849830 775
849937 768
850044 769
850150 768
850257 675
850363 772
850469 759
850576 771
850682 800
850788 768
850894 765
851002 794
851108 757
851214 768
851321 769
851427 767
851533 737
851640 766
851746 766
851852 761
851958 776
852066 778
852172 769
852278 768
852385 768
852491 768
852597 768
852704 767
852810 771
852916 768
853024 767
853130 767
853236 732
853342 766
853449 765
853555 765
853661 766
853768 767
853874 767
853980 769
854086 749
854193 766
854299 766
854405 766
854512 766
854618 768
854724 767
854830 766
854937 766
855044 770
855150 769
855257 767
855363 770
855469 768
855576 769
855682 753
855788 768
855894 770
856002 770
856108 766
856214 766
856321 769
856427 767
856533 869
856640 769
856746 770
856852 766
856958 764
857066 769
857172 768
857278 767
857385 819
857491 769
857597 769
857704 768
857810 772
857916 770
858024 764
858130 764
858236 796
858342 766
858449 767
858555 768
858661 770
858768 767
858874 768
858980 758
859086 766
859193 765
859299 767
859405 766
859512 766
859618 766
859724 768
859830 768
859937 797
860044 767
860150 771
860257 767
860363 770
860469 767
860576 768
860682 770
860788 768
860894 767
861002 767
861108 775
861214 765
861321 767
861427 770
861533 667
861640 766
861746 767
861852 767
861958 757
862066 767
862172 769
862278 770
862385 753
862491 773
862597 767
862704 764
862810 768
862916 769
863024 766
863130 769
863236 795
863342 768
863449 765
863555 762
863661 766
863768 767
863874 766
863980 765
864086 775
864193 767
864299 768
864405 768
864512 767
864618 766
864724 767
864830 766
864937 766
865044 766
865150 769
865257 775
865363 768
865469 770
865576 767
865682 793
865788 770
865894 768
866002 768
866108 774
866214 768
866321 771
866427 767
866533 771
866640 766
866746 766
866852 768
866958 769
867066 768
867172 767
867278 769
867385 772
867491 767
867597 766
867704 761
867810 768
867916 769
868024 766
868130 776
868236 766
868342 767
868449 764
868555 758
868661 767
868768 766
868874 765
868980 760
869086 776
869193 766
869299 768
869405 767
869512 772
869618 766
869724 765
869830 767
869937 791
870044 804
870150 767
870257 771
870363 769
870469 769
870576 769
870682 769
870788 769
870894 769
871002 768
871108 826
871214 767
871321 767
871427 767
871533 760
871640 768
871746 767
871852 745
871958 757
872066 770
