2 15
145 17
252 16
358 17
464 20
571 18
677 20
783 17
890 20
997 18
1103 15
1210 18
1316 19
1422 18
1529 19
1635 26
1741 15
1848 18
1954 18
2062 43
2168 23
2274 18
2381 20
2487 19
2593 17
2700 17
2806 20
2912 14
3020 16
3126 20
3232 21
3339 16
3445 20
3551 19
3658 18
3764 17
3870 17
3977 16
4084 21
4191 18
4297 17
4403 17
4510 19
4616 21
4722 16
4829 22
4935 28
5042 22
5149 13
5255 18
5361 44
5468 17
5574 17
5680 18
5787 0
5893 14
6000 17
6107 18
6213 0
6319 17
6426 20
6532 17
6638 13
6745 20
6851 17
6957 20
7065 16
7171 20
7278 17
7384 15
7490 19
7597 18
7703 17
7809 17
7916 19
8023 19
8129 19
8236 11
8342 18
8448 16
8555 16
8661 0
8767 20
8874 16
8980 19
9086 1
9193 17
9299 19
9405 19
9512 17
9618 17
9724 19
9831 17
9937 41
10045 17
10151 18
10257 17
10364 22
10470 19
10576 15
10683 20
10789 16
10895 16
11003 17
11109 24
11215 20
11322 18
11428 19
11534 25
11641 18
11747 20
11853 17
11960 13
12067 18
12173 17
12280 16
12386 1
12492 14
12599 17
12705 16
12811 47
12918 17
13025 19
13132 18
13238 0
13344 18
13451 15
13557 17
13663 24
13770 17
13876 21
13982 27
14090 17
14196 19
14302 18
14409 18
14515 16
14621 18
14728 15
14834 16
14940 17
15048 19
15154 19
15261 23
15367 0
15473 20
15580 12
15686 0
15792 17
15899 20
16006 19
16112 26
16219 17
16325 16
16431 22
16538 0
16644 18
16750 19
16857 19
16963 23
17070 19
17177 18
17283 19
17389 17
17496 18
17602 19
17708 8
17815 18
17921 18
18029 17
18135 31
18241 14
18348 17
18454 11
18560 22
18667 21
18773 19
18879 18
18987 12
19093 20
19199 16
19306 17
19412 14
19518 18
19625 18
19731 19
19837 4
19944 16
20051 17
20158 18
20264 0
20370 18
20477 19
20583 17
20689 20
20796 18
20902 17
21009 30
21116 21
21222 11
21328 19
21435 27
21541 17
21647 20
21754 17
21860 15
21966 0
22074 19
22180 18
22286 15
22393 18
22499 20
22605 18
22712 15
22818 19
22924 15
23032 15
23138 36
23245 19
23351 17
23457 28
23564 19
23670 15
23776 19
23883 12
23990 18
24096 16
24203 16
24309 17
24415 46
24522 18
24628 19
24734 17
24841 53
24947 19
25054 19
25161 16
25267 17
25373 15
25480 16
25586 0
25692 20
25799 15
25905 18
26013 38
26119 15
26225 19
26332 19
26438 22
26544 4
26651 17
26757 18
26863 21
26970 17
27077 21
27183 18
27290 0
27396 23
27502 17
27609 15
27715 0
27821 17
27928 14
28035 18
28142 37
28248 13
28354 16
28461 18
28567 13
28673 18
28780 19
28886 31
28993 17
29100 14
29206 19
29312 16
29419 23
29525 19
29631 16
29738 15
29844 13
29950 15
30058 14
30164 18
30270 18
30377 17
30483 17
30589 18
30696 19
30802 19
30908 13
31016 19
31122 16
31229 18
31335 19
31441 0
31548 17
31654 20
31760 0
31867 24
31973 19
32080 18
32187 21
32293 16
32399 19
32506 19
32612 0
32718 18
32825 19
32931 21
33039 18
33145 13
33251 18
33358 18
33464 14
33570 18
33677 19
33783 13
33889 19
33997 20
34103 18
34209 22
34316 20
34422 14
34528 21
34635 22
34741 16
34847 15
34954 19
35061 0
35167 17
35274 17
35380 17
35486 20
35593 19
35699 19
35805 19
35912 0
36019 37
36126 20
36232 16
36338 18
36445 18
36551 18
36657 19
36764 18
36870 19
36976 18
37084 15
37190 15
37296 18
37403 18
37509 18
37615 20
37722 17
37828 19
37934 19
38042 19
38148 19
38254 15
38361 23
38467 18
38573 21
38680 21
38786 44
38892 16
39000 18
39106 19
39213 13
39319 17
39425 16
39532 0
39638 18
39744 33
39851 17
39957 17
40064 16
40171 16
40277 17
40383 18
40490 16
40596 30
40702 16
40809 13
40915 17
41023 19
41129 23
41235 33
41342 19
41448 19
41554 16
41661 56
41767 18
41873 18
41980 17
42087 36
42193 15
42299 13
42406 19
42512 20
42618 16
42725 16
42831 17
42937 30
43045 19
43151 17
43257 15
43364 22
43470 18
43576 19
43683 19
43789 15
43895 21
44003 23
44109 20
44215 20
44322 15
44428 18
44534 16
44641 16
44747 19
44853 23
44960 0
45067 16
45174 20
45280 18
45386 32
45493 20
45599 17
45705 19
45812 9
45918 16
46025 17
46132 15
46238 18
46344 18
46451 18
46557 17
46663 27
46770 18
46876 19
46982 20
47090 13
47196 21
47302 18
47409 31
47515 20
47621 19
47728 16
47834 12
47940 18
48048 20
48154 18
48261 41
48367 25
48473 21
48580 17
48686 44
48792 22
48899 17
49006 32
49112 15
49219 18
49325 17
49431 25
49538 17
49644 18
49750 19
49857 15
49963 16
50071 17
50177 17
50283 16
50390 14
50496 19
50602 20
50709 10
50815 20
50921 18
51029 18
51135 3
51241 18
51348 19
51454 18
51560 39
51667 19
51773 19
51879 18
51987 24
52093 18
52199 17
52306 17
52412 17
52518 16
52625 16
52731 17
52837 13
52944 18
53051 16
53158 36
53264 18
53370 17
53477 21
53583 20
53689 19
53796 16
53902 19
54009 0
54116 19
54222 22
54328 19
54435 1
54541 21
54647 17
54754 18
54860 51
54966 21
55074 19
55180 15
55287 60
55393 18
55499 16
55606 18
55712 24
55818 16
55925 17
56032 26
56138 21
56245 17
56351 19
56457 19
56564 18
56670 22
56776 15
56883 17
56990 19
57096 19
57203 18
57309 20
57415 17
57522 17
57628 29
57734 87
57841 10
57947 15
58055 14
58161 56
58267 17
58374 15
58480 18
58586 34
58693 18
58799 17
58905 20
59013 18
59119 19
59225 17
59332 14
59438 17
59544 20
59651 19
59757 13
59863 25
59970 20
60077 17
60183 24
60290 17
60396 17
60502 19
60609 19
60715 16
60821 17
60928 18
61035 41
61142 18
61248 19
61354 5
61461 39
61567 16
61673 13
61780 16
61886 0
61993 14
62100 18
62206 20
62312 19
62419 19
62525 19
62631 14
62738 18
62844 19
62950 17
63058 27
63164 26
63271 19
63377 18
63483 18
63590 17
63696 11
63802 18
63909 21
64016 23
64122 17
64229 17
64335 44
64441 22
64548 19
64654 17
64760 0
64867 18
64973 21
65080 20
65187 20
65293 17
65399 17
65506 19
65612 18
65718 17
65825 21
65931 9
66039 22
66145 18
66251 16
66358 18
66464 16
66570 19
66677 20
66783 26
66889 16
66997 19
67103 18
67209 31
67316 21
67422 15
67528 14
67635 0
67741 19
67847 19
67954 19
68061 38
68167 16
68274 18
68380 19
68486 20
68593 18
68699 17
68805 17
68912 18
69019 30
69126 19
69232 8
69338 34
69445 19
69551 17
69657 17
69764 19
69870 15
69976 27
70084 16
70190 35
70296 16
70403 16
70509 19
70615 17
70722 17
70828 18
70934 19
71042 19
71148 22
71255 16
71361 20
71467 17
71574 19
71680 17
71786 13
71893 16
72000 19
72106 19
72213 0
72319 19
72425 18
72532 15
72638 16
72744 19
72851 17
72957 7
73064 18
73171 19
73277 37
73383 16
73490 19
73596 23
73702 15
73809 0
73915 18
74023 18
74129 17
74235 18
74342 19
74448 21
74554 17
74661 0
74767 19
74873 17
74980 19
75086 24
75193 14
75299 16
75405 18
75512 20
75618 16
75724 19
75831 18
75937 15
76044 18
76151 20
76257 18
76363 18
76470 22
76576 19
76682 29
76789 17
76895 20
77003 19
77109 22
77215 19
77322 15
77428 22
77534 31
77641 17
77747 19
77853 19
77960 16
78067 19
78173 19
78280 16
78386 15
78492 15
78599 18
78705 14
78811 45
78918 23
79025 21
79131 14
79238 0
79344 19
79450 19
79557 15
79663 17
79769 18
79876 23
79982 8
80090 20
80196 16
80302 18
80409 20
80515 18
80621 17
80728 16
80834 14
80940 18
81048 18
81154 22
81260 16
81367 18
81473 18
81579 18
81686 30
81792 18
81898 19
82006 16
82112 18
82219 17
82325 19
82431 18
82538 16
82644 19
82750 18
82857 8
82963 46
83070 18
83177 15
83283 17
83389 104
83496 16
83602 16
83708 20
83815 38
83921 18
84028 19
84135 18
84241 20
84347 17
84454 19
84560 0
84666 18
84773 18
84879 19
84987 18
85093 19
85199 18
85306 19
85412 17
85518 18
85625 19
85731 10
85837 143
85944 21
86051 16
86157 17
86264 0
86370 18
86476 17
86583 8
86689 17
86795 16
86902 18
87009 12
87116 18
87222 20
87328 18
87435 18
87541 18
87647 17
87754 18
87860 29
87966 16
88074 11
88180 18
88286 0
88393 21
88499 18
88605 18
88712 18
88818 22
88924 18
89032 23
89138 0
89244 16
89351 18
89457 16
89563 24
89670 18
89776 18
89882 16
89990 18
90096 17
90203 20
90309 19
90415 17
90522 20
90628 17
90734 62
90841 19
90947 17
91054 10
91161 19
91267 18
91373 17
91480 19
91586 15
91692 20
91799 23
91905 16
92012 43
92119 17
92225 17
92331 19
92438 17
92544 17
92650 16
92757 12
92863 21
92969 16
93077 20
93183 18
93290 21
93396 20
93502 25
93609 7
93715 18
93821 25
93928 17
94035 14
94141 21
94248 16
94354 17
94460 19
94567 16
94673 14
94779 20
94886 0
94993 18
95100 16
95206 20
95312 22
95419 16
95525 18
95631 19
95738 15
95844 22
95950 22
96058 21
96164 19
96270 15
96377 22
96483 18
96589 18
96696 17
96802 17
96908 12
97016 16
97122 16
97228 19
97335 16
97441 18
97547 7
97654 21
97760 0
97866 19
97973 18
98080 28
98187 18
98293 19
98399 17
98506 21
98612 19
98718 18
98825 19
98931 19
99038 19
99145 14
99251 20
99357 17
99464 18
99570 21
99676 19
99783 20
99889 0
99997 17
100103 18
100209 23
100316 18
100422 17
100528 11
100635 46
100741 18
100847 17
100954 18
101061 17
101167 19
101274 18
101380 16
101486 20
101593 17
101699 15
101805 18
101912 12
102019 24
102125 18
102232 9
102338 33
102444 17
102551 19
102657 29
102763 27
102870 15
102976 11
103084 28
103190 15
103296 18
103403 21
103509 18
103615 17
103722 20
103828 16
103934 8
104042 14
104148 19
104254 29
104361 0
104467 18
104573 17
104680 21
104786 25
104892 19
105000 15
105106 19
105212 1
105319 17
105425 12
105531 23
105638 17
105744 21
105850 18
105957 15
106064 20
106171 14
106277 17
106383 25
106490 16
106596 18
106702 23
106809 19
106915 18
107022 12
107129 17
107235 22
107341 14
107448 17
107554 18
107660 58
107767 19
107873 20
107979 19
108086 20
108193 20
108299 19
108405 16
108512 18
108618 19
108724 16
108831 14
108937 20
109045 19
109151 19
109257 20
109364 141
109470 16
109576 30
109683 109
109789 21
109895 23
110003 19
110109 5
110215 19
110322 20
110428 19
110534 0
110641 17
110747 21
110853 0
110960 176
111067 21
111173 19
111280 20
111386 15
111492 21
111599 14
111705 9
111811 24
111918 19
112025 18
112132 15
112238 21
112344 18
112451 23
112557 16
112663 21
112770 20
112876 19
112982 22
113090 14
113196 19
113302 18
113409 8
113515 20
113621 18
113728 15
113834 0
113940 13
114048 19
114154 18
114261 20
114367 18
114473 17
114580 17
114686 21
114792 19
114899 18
115006 17
115112 48
115219 93
115325 18
115431 19
115538 20
115644 17
115750 20
115857 18
115963 0
116070 16
116177 10
116283 17
116389 31
116496 17
116602 18
116708 35
116815 13
116921 20
117029 19
117135 23
117241 19
117348 20
117454 20
117560 18
117667 19
117773 16
117879 16
117987 28
118093 18
118199 17
118306 16
118412 0
118518 17
118625 20
118731 17
118837 16
118944 18
119051 18
119158 27
119264 19
119370 15
119477 21
119583 0
119689 17
119796 18
119902 24
120009 0
120116 19
120222 19
120328 20
120435 22
120541 16
120647 18
120754 19
120860 10
120966 16
121074 17
121180 17
121286 31
121393 17
121499 16
121605 6
121712 20
121818 18
121924 23
122032 15
122138 20
122245 18
122351 18
122457 60
122564 21
122670 11
122776 19
122883 7
122990 20
123096 19
123203 15
123309 0
123415 18
123522 16
123628 19
123734 38
123841 18
123947 21
124054 18
124161 13
124267 17
124373 19
124480 17
124586 0
124692 20
124799 11
124905 14
125013 18
125119 20
125225 20
125332 14
125438 18
125544 15
125651 14
125757 0
125863 19
125970 18
126077 17
126183 0
126290 17
126396 18
126502 16
126609 3
126715 16
126821 18
126928 16
127035 18
127142 18
127248 19
127354 19
127461 17
127567 19
127673 17
127780 14
127886 18
127993 28
128100 19
128206 18
128312 18
128419 19
128525 19
128631 9
128738 19
128844 19
128950 17
129058 22
129164 16
129270 16
129377 19
129483 18
129589 14
129696 18
129802 21
129908 0
130016 18
130122 17
130229 17
130335 18
130441 18
130548 16
130654 16
130760 20
130867 19
130973 19
131080 15
131187 18
131293 17
131399 19
131506 11
131612 16
131718 19
131825 19
131931 17
132039 17
132145 20
132251 17
132358 10
132464 19
132570 15
132677 16
132783 65
132889 18
132997 19
133103 101
133209 17
133316 20
133422 2
133528 0
133635 18
133741 15
133847 17
133954 16
134061 29
134167 20
134274 18
134380 20
134486 19
134593 17
134699 17
134805 20
134912 17
135019 15
135126 20
135232 17
135338 87
135445 19
135551 13
135657 70
135764 23
135870 33
135976 19
136084 11
136190 18
136296 19
136403 17
136509 19
136615 20
136722 17
136828 14
136934 12
137042 19
137148 20
137254 20
137361 80
137467 19
137573 18
137680 17
137786 17
137892 18
138000 18
138106 16
138213 17
138319 17
138425 19
138532 72
138638 19
138744 18
138851 16
138957 17
139064 17
139171 17
139277 15
139383 18
139490 22
139596 16
139702 18
139809 17
139915 17
140023 25
140129 15
140235 26
140342 18
140448 19
140554 23
140661 21
140767 19
140873 15
140980 23
141087 18
141193 23
141299 15
141406 16
141512 19
141618 17
141725 19
141831 15
141937 14
142045 22
142151 17
142257 19
142364 18
142470 17
142576 20
142683 16
142789 18
142895 18
143003 23
143109 22
143215 8
143322 17
143428 21
143534 24
143641 15
143747 17
143853 19
143960 19
144067 17
144174 19
144280 3
144386 43
144493 20
144599 10
144705 25
144812 0
144918 36
145025 11
145132 18
145238 19
145344 18
145451 18
145557 41
145663 21
145770 18
145876 18
145982 0
146090 16
146196 17
146302 16
146409 10
146515 16
146621 18
146728 16
146834 19
146940 19
147048 19
147154 18
147261 0
147367 17
147473 20
147580 23
147686 17
147792 22
147899 20
148006 17
148112 18
148219 22
148325 16
148431 19
148538 18
148644 22
148750 18
148857 0
148963 18
149071 17
149177 17
149283 25
149390 17
149496 19
149602 10
149709 14
149815 18
149921 17
150029 20
150135 39
150241 15
150348 21
150454 18
150560 16
150667 17
150773 18
150879 19
150987 19
151093 26
151199 18
151306 18
151412 24
151518 17
151625 17
151731 127
151837 17
151944 17
152051 15
152158 16
152264 20
152370 17
152477 18
152583 47
152689 16
152796 10
152902 17
153009 20
153116 18
153222 19
153328 17
153435 23
153541 19
153647 26
153754 0
153860 18
153966 19
154074 18
154180 18
154287 0
154393 18
154499 19
154606 23
154712 19
154818 16
154925 17
155032 17
155138 21
155245 19
155351 16
155457 18
155564 18
155670 20
155776 17
155883 17
155990 18
156096 18
156203 16
156309 0
156415 19
156522 19
156628 19
156734 27
156841 17
156947 20
157055 21
157161 11
157267 16
157374 19
157480 18
157586 18
157693 21
157799 17
157905 16
158013 17
158119 13
158225 20
158332 27
158438 19
158544 21
158651 18
158757 18
158863 19
158970 15
159077 16
159183 23
159290 15
159396 18
159502 17
159609 14
159715 19
159821 21
159928 17
160035 26
160142 16
160248 18
160354 20
160461 16
160567 17
160673 18
160780 19
160886 77
160993 14
161100 17
161206 18
161312 16
161419 19
161525 16
161631 0
161738 18
161844 19
161950 17
162058 38
162164 17
162271 18
162377 18
162483 18
162590 19
162696 17
162802 20
162909 60
163016 27
163122 17
163229 18
163335 0
163441 16
163548 18
163654 18
163760 0
163867 19
163973 19
164080 17
164187 18
164293 19
164399 19
164506 18
164612 13
164718 17
164825 11
164931 2
165039 16
165145 18
165251 17
165358 28
165464 17
165570 20
165677 17
165783 0
165889 23
165997 18
166103 18
166209 16
166316 14
166422 17
166528 11
166635 0
166741 16
166847 18
166954 18
167061 20
167167 20
167274 17
167380 16
167486 17
167593 16
167699 23
167805 28
167912 23
168019 17
168126 20
168232 17
168338 17
168445 17
168551 16
168657 4
168764 20
168870 17
168976 15
169084 15
169190 20
169296 19
169403 16
169509 19
169615 18
169722 17
169828 21
169934 18
170042 20
170148 17
170255 16
170361 0
170467 18
170574 18
170680 9
170786 19
170893 15
171000 14
171106 19
171213 16
171319 16
171425 19
171532 0
171638 17
171744 16
171851 20
171957 22
172064 17
172171 20
172277 19
172383 15
172490 19
172596 17
172702 16
172809 21
172915 18
173023 18
173129 17
173235 0
173342 19
173448 17
173554 12
173661 16
173767 18
173873 18
173980 19
174086 16
174193 18
174299 16
174405 18
174512 23
174618 15
174724 17
174831 20
174937 16
175044 17
175151 18
175257 20
175363 18
175470 16
175576 18
175682 54
175789 21
175895 19
176003 16
176109 28
176215 19
176322 18
176428 18
176534 20
176641 17
176747 20
176853 17
176960 75
177067 17
177173 20
177280 17
177386 0
177492 18
177599 18
177705 17
177811 17
177918 16
178025 27
178131 12
178238 19
178344 22
178450 17
178557 0
178663 17
178769 16
178876 22
178982 167
179090 19
179196 17
179302 17
179409 1
179515 7
179621 20
179728 19
179834 35
179940 16
180048 18
180154 12
180260 0
180367 18
180473 19
180579 16
180686 17
180792 16
180898 15
181006 34
181112 18
181219 16
181325 18
181431 17
181538 18
181644 18
181750 17
181857 11
181963 17
182070 20
182177 16
182283 24
182389 17
182496 17
182602 18
182708 0
182815 17
182921 20
183028 15
183135 4
183241 21
183347 17
183454 20
183560 14
183666 15
183773 19
183879 12
183987 18
184093 18
184199 16
184306 17
184412 19
184518 15
184625 17
184731 22
184837 7
184944 19
185051 15
185157 19
185264 18
185370 18
185476 19
185583 10
185689 20
185795 15
185902 19
186009 18
186116 24
186222 18
186328 13
186435 46
186541 19
186647 16
186754 28
186860 19
186966 17
187074 17
187180 17
187286 19
187393 16
187499 19
187605 12
187712 18
187818 20
187924 15
188032 15
188138 19
188244 14
188351 20
188457 12
188563 18
188670 18
188776 16
188882 17
188990 16
189096 18
189203 18
189309 0
189415 18
189522 22
189628 27
189734 18
189841 20
189947 16
190054 17
190161 0
190267 17
190373 16
190480 18
190586 15
190692 17
190799 18
190905 14
191012 20
191119 22
191225 15
191331 18
191438 63
191544 19
191650 20
191757 0
191863 17
191969 20
192077 20
192183 12
192290 18
192396 18
192502 17
192609 18
192715 18
192821 18
192928 17
193035 22
193141 21
193248 15
193354 16
193460 12
193567 15
193673 18
193779 20
193886 18
193993 17
194100 18
194206 86
194312 21
194419 16
194525 11
194631 17
194738 17
194844 18
194950 19
195058 124
195164 20
195270 18
195377 16
195483 18
195589 17
195696 19
195802 23
195908 0
196016 15
196122 26
196228 16
196335 26
196441 18
196547 18
196654 15
196760 18
196866 14
196973 16
197080 0
197187 16
197293 16
197399 15
197506 27
197612 19
197718 18
197825 19
197931 15
198038 19
198145 19
198251 15
198357 17
198464 19
198570 18
198676 20
198783 0
198889 18
198997 19
199103 19
199209 0
199316 17
199422 15
199528 11
199635 21
199741 18
199847 18
199954 24
200061 0
200167 18
200274 19
200380 19
200486 22
200593 18
200699 18
200805 20
200912 6
201019 5
201125 17
201232 18
201338 20
201444 21
201551 17
201657 18
201763 20
201870 17
201976 17
202084 18
202190 16
202296 43
202403 17
202509 16
202615 23
202722 12
202828 17
202934 19
203042 0
203148 18
203254 18
203361 18
203467 19
203573 19
203680 12
203786 19
203892 18
204000 16
204106 27
204212 16
204319 20
204425 20
204531 7
204638 22
204744 18
204850 18
204957 23
205064 0
205171 16
205277 17
205383 0
205490 15
205596 16
205702 18
205809 18
205915 17
206022 22
206129 18
206235 2
206341 18
206448 18
206554 19
206660 17
206767 16
206873 21
206979 19
207086 16
207193 18
207299 18
207405 17
207512 19
207618 17
207724 19
207831 26
207937 19
208045 19
208151 17
208257 19
208364 21
208470 18
208576 17
208683 18
208789 19
208895 16
209003 16
209109 51
209215 19
209322 21
209428 17
209534 15
209641 18
209747 19
209853 10
209960 16
210067 12
210173 19
210280 30
210386 16
210492 19
210599 17
210705 1
210811 18
210918 20
211025 10
211132 29
211238 16
211344 17
211451 19
211557 17
211663 16
211770 21
211876 17
211982 10
212090 23
212196 17
212302 21
212409 18
212515 18
212621 20
212728 10
212834 14
212940 18
213048 20
213154 22
213261 18
213367 17
213473 19
213580 0
213686 19
213792 19
213899 15
214006 10
214112 19
214219 0
214325 15
214431 9
214538 15
214644 17
214750 19
214857 22
214963 19
215070 19
215177 19
215283 0
215389 19
215496 18
215602 22
215708 16
215815 20
215921 17
216029 14
216135 12
216241 16
216348 17
216454 18
216560 18
216667 18
216773 18
216879 16
216987 17
217093 18
217199 20
217306 20
217412 18
217518 16
217625 18
217731 0
217837 17
217944 14
218051 23
218158 19
218264 21
218370 17
218477 20
218583 16
218689 19
218796 19
218902 18
219009 22
219116 19
219222 18
219328 18
219435 0
219541 15
219647 19
219754 18
219860 18
219966 24
220074 19
220180 24
220286 15
220393 16
220499 19
220605 38
220712 17
220818 16
220924 16
221032 18
221138 16
221245 17
221351 13
221457 17
221564 19
221670 16
221776 14
221883 10
221990 20
222096 19
222203 18
222309 37
222415 17
222522 17
222628 18
222734 10
222841 14
222947 18
223054 27
223161 18
223267 19
223373 21
223480 15
223586 16
223692 19
223799 17
223905 6
224013 14
224119 20
224225 19
224332 26
224438 17
224544 17
224651 15
224757 27
224863 20
224970 17
225077 25
225183 30
225290 18
225396 19
225502 19
225609 13
225715 18
225821 20
225928 11
226035 27
226142 17
226248 20
226354 21
226461 16
226567 13
226673 18
226780 29
226886 20
226993 19
227100 19
227206 17
227312 17
227419 18
227525 16
227631 23
227738 20
227844 17
227950 16
228058 0
228164 20
228270 17
228377 16
228483 17
228589 17
228696 16
228802 22
228908 19
229016 19
229122 17
229229 16
229335 20
229441 16
229548 17
229654 26
229760 18
229867 16
229973 12
230080 20
230187 23
230293 18
230399 19
230506 13
230612 16
230718 17
230825 21
230931 18
231039 20
231145 17
231251 19
231358 15
231464 22
231570 14
231677 9
231783 17
231889 24
231997 20
232103 16
232209 84
232316 17
232422 16
232528 155
232635 19
232741 17
232847 20
232954 19
233061 19
233167 20
233274 16
233380 25
233486 17
233593 17
233699 19
233805 0
233912 19
234019 13
234126 17
234232 14
234338 17
234445 22
234551 26
234657 15
234764 18
234870 17
234976 17
235084 35
235190 19
235296 18
235403 16
235509 20
235615 17
235722 17
235828 19
235934 0
236042 19
236148 17
236254 21
236361 16
236467 20
236573 18
236680 63
236786 17
236892 17
237000 18
237106 135
237213 18
237319 17
237425 19
237532 18
237638 19
237744 17
237851 16
237957 19
238064 17
238171 18
238277 18
238383 81
238490 18
238596 18
238702 17
238809 19
238915 19
239023 19
239129 14
239235 17
239342 19
239448 19
239554 33
239661 20
239767 20
239873 25
239980 0
240087 17
240193 19
240299 17
240406 13
240512 19
240618 21
240725 14
240831 13
240937 17
241045 21
241151 17
241257 0
241364 19
241470 15
241576 11
241683 19
241789 16
241895 18
242003 17
242109 19
242215 19
242322 16
242428 18
242534 14
242641 17
242747 17
242853 13
242960 15
243067 18
243174 19
243280 16
243386 22
243493 18
243599 17
243705 7
243812 19
243918 19
244025 21
244132 0
244238 17
244344 20
244451 18
244557 18
244663 20
244770 16
244876 11
244982 21
245090 18
245196 18
245302 20
245409 128
245515 17
245621 20
245728 20
245834 21
245940 23
246048 18
246154 16
246261 16
246367 18
246473 19
246580 0
246686 17
246792 18
246899 16
247006 116
247112 17
247219 18
247325 18
247431 21
247538 17
247644 17
247750 12
247857 16
247963 18
248071 16
248177 20
248283 10
248390 17
248496 20
248602 23
248709 16
248815 19
248921 19
249029 19
249135 17
249241 19
249348 19
249454 17
249560 18
249667 18
249773 19
249879 20
249987 16
250093 16
250199 14
250306 19
250412 18
250518 18
250625 19
250731 8
250837 16
250944 18
251051 18
251158 13
251264 21
251370 23
251477 19
251583 17
251689 16
251796 18
251902 18
252009 20
252116 19
252222 16
252328 21
252435 163
252541 17
252647 18
252754 0
252860 18
252966 20
253074 25
253180 17
253287 20
253393 21
253499 16
253606 18
253712 18
253818 12
253925 17
254032 45
254138 18
254245 16
254351 17
254457 19
254564 19
254670 17
254776 17
254883 37
254990 18
255096 16
255203 17
255309 5
255415 17
255522 11
255628 0
255734 16
255841 16
255947 20
256055 0
256161 15
256267 17
256374 18
256480 18
256586 20
256693 17
256799 19
256905 19
257013 18
257119 17
257225 21
257332 8
257438 17
257544 18
257651 16
257757 20
257863 14
257970 17
258077 13
258183 17
258290 15
258396 16
258502 18
258609 16
258715 18
258821 15
258928 14
259035 18
259142 17
259248 18
259354 18
259461 17
259567 17
259673 21
259780 18
259886 16
259993 17
260100 18
260206 23
260312 16
260419 21
260525 27
260631 17
260738 18
260844 19
260950 13
261058 18
261164 21
261271 20
261377 16
261483 18
261590 25
261696 18
261802 17
261909 19
262016 21
262122 18
262229 23
262335 18
262441 17
262548 18
262654 17
262760 18
262867 16
262973 17
263080 156
263187 16
263293 16
263399 17
263506 19
263612 17
263718 19
263825 24
263931 12
264039 18
264145 19
264251 21
264358 26
264464 19
264570 14
264677 16
264783 20
264889 18
264997 19
265103 27
265209 18
265316 17
265422 16
265528 1
265635 20
265741 15
265847 18
265954 49
266061 17
266167 18
266274 17
266380 31
266486 22
266593 17
266699 20
266805 0
266912 18
267019 19
267126 18
267232 15
267338 8
267445 19
267551 21
267657 14
267764 18
267870 15
267976 22
268084 15
268190 24
268296 18
268403 16
268509 17
268615 20
268722 14
268828 47
268934 17
269042 16
269148 19
269255 23
269361 19
269467 18
269574 17
269680 18
269786 17
269893 18
270000 12
270106 20
270213 18
270319 19
270425 18
270532 20
270638 16
270744 21
270851 18
270957 0
271064 13
271171 19
271277 17
271383 20
271490 19
271596 21
271702 13
271809 18
271915 19
272023 16
272129 12
272235 18
272342 19
272448 24
272554 17
272661 16
272767 17
272873 17
272980 18
273086 17
273193 22
273299 19
273405 0
273512 17
273618 15
273724 14
273831 19
273937 16
274044 18
274151 22
274257 0
274363 16
274470 17
274576 22
274682 19
274789 20
274895 19
275003 19
275109 10
275215 18
275322 16
275428 12
275534 18
275641 16
275747 19
275853 24
275960 16
276067 17
276173 18
276280 21
276386 18
276492 17
276599 18
276705 18
276811 20
276918 17
277025 25
277131 22
277238 18
277344 21
277450 18
277557 16
277663 19
277769 16
277876 16
277982 21
278090 19
278196 17
278302 15
278409 16
278515 16
278621 17
278728 13
278834 18
278940 18
279048 19
279154 16
279260 18
279367 16
279473 20
279579 20
279686 18
279792 17
279898 21
280006 17
280112 18
280219 19
280325 27
280431 18
280538 10
280644 18
280750 20
280857 16
280963 19
281070 20
281177 0
281283 19
281389 16
281496 16
281602 21
281708 20
281815 17
281921 17
282028 4
282135 17
282241 17
282347 18
282454 0
282560 18
282666 16
282773 17
282879 13
282987 17
283093 17
283199 19
283306 18
283412 18
283518 16
283625 17
283731 19
283837 20
283944 19
284051 14
284157 18
284264 16
284370 19
284476 17
284583 21
284689 21
284795 18
284902 0
285009 16
285116 21
285222 16
285328 42
285435 19
285541 19
285647 16
285754 0
285860 21
285966 17
286074 0
286180 37
286286 15
286393 18
286499 18
286605 26
286712 19
286818 19
286924 17
287032 35
287138 17
287244 18
287351 17
287457 16
287563 18
287670 17
287776 19
287882 17
287990 16
288096 21
288203 19
288309 16
288415 17
288522 16
288628 0
288734 20
288841 19
288947 15
289054 120
289161 19
289267 16
289373 18
289480 18
289586 17
289692 16
289799 12
289905 15
290012 18
290119 0
290225 18
290331 61
290438 17
290544 20
290650 26
290757 17
290863 18
290969 17
291077 21
291183 0
291290 17
291396 18
291502 19
291609 16
291715 19
291821 18
291928 14
292035 21
292141 21
292248 14
292354 11
292460 19
292567 15
292673 15
292779 20
292886 18
292993 18
293100 17
293206 88
293312 19
293419 16
293525 16
293631 18
293738 18
293844 21
293950 18
294058 22
294164 17
294270 17
294377 23
294483 19
294589 17
294696 18
294802 14
294908 16
295016 17
295122 18
295228 16
295335 25
295441 19
295547 17
295654 16
295760 19
295866 17
295973 19
296080 2
296187 20
296293 15
296399 17
296506 20
296612 16
296718 16
296825 20
296931 10
297038 25
297145 16
297251 19
297357 30
297464 16
297570 18
297676 14
297783 18
297889 15
297997 25
298103 31
298209 14
298316 19
298422 22
298528 101
298635 17
298741 19
298847 19
298954 5
299061 17
299167 19
299274 15
299380 14
299486 19
299593 19
299699 17
299805 16
299912 22
300019 22
300125 18
300232 46
300338 18
300444 18
300551 22
300657 15
300763 20
300870 17
300976 23
301084 19
301190 18
301296 17
301403 25
301509 13
301615 18
301722 13
301828 20
301934 16
302042 19
302148 16
302254 20
302361 16
302467 17
302573 15
302680 19
302786 52
302892 20
303000 16
303106 18
303212 12
303319 19
303425 15
303531 16
303638 26
303744 19
303850 12
303957 19
304064 18
304171 22
304277 19
304383 19
304490 19
304596 15
304702 29
304809 20
304915 17
305022 17
305129 64
305235 17
305341 18
305448 20
305554 18
305660 15
305767 19
305873 19
305979 17
306086 18
306193 20
306299 20
306405 0
306512 21
306618 18
306724 22
306831 18
306937 19
307045 24
307151 19
307257 7
307364 20
307470 17
307576 19
307683 19
307789 19
307895 19
308003 22
308109 16
308215 17
308322 17
308428 15
308534 14
308641 16
308747 20
308853 14
308960 18
309067 18
309173 21
309280 11
309386 16
309492 20
309599 16
309705 17
309811 21
309918 17
310025 17
310132 18
310238 15
310344 19
310451 21
310557 15
310663 19
310770 19
310876 6
310982 19
311090 15
311196 16
311302 18
311409 62
311515 18
311621 19
311728 0
311834 18
311940 19
312048 19
312154 11
312261 16
312367 17
312473 13
312580 17
312686 21
312792 20
312899 18
313006 33
313112 19
313219 18
313325 19
313431 57
313538 16
313644 19
313750 23
313857 20
313963 18
314070 17
314177 49
314283 24
314389 18
314496 15
314602 17
314708 17
314815 17
314921 19
315029 27
315135 17
315241 22
315348 22
315454 18
315560 17
315667 19
315773 18
315879 19
315987 18
316093 19
316199 11
316306 70
316412 18
316518 17
316625 21
316731 18
316837 16
316944 19
317051 17
317158 19
317264 19
317370 16
317477 18
317583 18
317689 19
317796 20
317902 18
318009 19
318116 19
318222 14
318328 9
318435 19
318541 16
318647 18
318754 18
318860 17
318966 19
319074 19
319180 40
319286 17
319393 19
319499 17
319605 18
319712 19
319818 10
319924 24
320032 20
320138 17
320245 20
320351 15
320457 18
320564 18
320670 13
320776 13
320883 17
320990 18
321096 19
321203 27
321309 19
321415 18
321522 20
321628 19
321734 19
321841 17
321947 20
322054 19
322161 16
322267 15
322373 17
322480 20
322586 18
322692 17
322799 14
322905 18
323013 17
323119 18
323225 16
323332 61
323438 18
323544 21
323651 28
323757 19
323863 18
323970 18
324077 10
324183 18
324290 21
324396 19
324502 19
324609 15
324715 14
324821 18
324928 23
325035 17
325142 18
325248 17
325354 12
325461 16
325567 20
325673 15
325780 14
325886 22
325993 16
326100 18
326206 17
326312 17
326419 17
326525 19
326631 18
326738 19
326844 17
326950 17
327058 17
327164 19
327270 18
327377 20
327483 16
327589 16
327696 17
327802 0
327908 18
328016 21
328122 13
328229 19
328335 16
328441 16
328548 17
328654 18
328760 16
328867 18
328973 18
329080 0
329187 20
329293 10
329399 20
329506 17
329612 17
329718 20
329825 21
329931 17
330039 17
330145 19
330251 19
330358 18
330464 18
330570 17
330677 26
330783 19
330889 16
330997 17
331103 24
331209 20
331316 20
331422 17
331528 10
331635 18
331741 16
331847 19
331954 0
332061 20
332167 19
332274 16
332380 51
332486 24
332593 17
332699 11
332805 19
332912 15
333019 19
333126 21
333232 17
333338 18
333445 17
333551 0
333657 18
333764 17
333870 18
333976 21
334084 17
334190 20
334296 18
334403 16
334509 19
334615 19
334722 12
334828 8
334934 18
335042 19
335148 18
335254 0
335361 19
335467 19
335573 16
335680 20
335786 18
335892 6
336000 0
336106 22
336213 13
336319 19
336425 18
336532 18
336638 17
336744 19
336851 25
336957 16
337064 16
337171 19
337277 16
337383 18
337490 19
337596 19
337702 15
337809 13
337915 17
338023 24
338129 19
338235 19
338342 18
338448 20
338554 16
338661 18
338767 15
338873 22
338980 17
339087 15
339193 17
339299 15
339406 17
339512 26
339618 15
339725 15
339831 20
339937 18
340045 17
340151 20
340257 16
340364 21
340470 17
340576 0
340683 15
340789 19
340895 19
341003 17
341109 21
341215 17
341322 18
341428 8
341534 19
341641 17
341747 16
341853 17
341960 18
342067 17
342174 18
342280 0
342386 14
342493 19
342599 18
342705 5
342812 19
342918 16
343025 20
343132 46
343238 18
343344 18
343451 11
343557 16
343663 18
343770 16
343876 52
343982 20
344090 19
344196 16
344302 15
344409 14
344515 20
344621 19
344728 16
344834 17
344940 18
345048 19
345154 0
345261 17
345367 18
345473 18
345580 20
345686 19
345792 17
345899 10
346006 21
346112 17
346219 15
346325 19
346431 18
346538 13
346644 17
346750 42
346857 14
346963 18
347071 17
347177 14
347283 25
347390 17
347496 17
347602 20
347709 19
347815 17
347921 20
348029 39
348135 18
348241 16
348348 19
348454 19
348560 22
348667 19
348773 25
348879 17
348987 17
349093 19
349199 17
349306 19
349412 18
349518 12
349625 18
349731 49
349837 16
349944 17
350051 20
350158 21
350264 23
350370 16
350477 16
350583 17
350689 16
350796 20
350902 26
351009 18
351116 18
351222 17
351328 19
351435 17
351541 18
351647 36
351754 17
351860 17
351966 19
352074 18
352180 0
352287 17
352393 17
352499 17
352606 23
352712 17
352818 17
352925 22
353032 16
353138 19
353245 17
353351 17
353457 17
353564 8
353670 16
353776 0
353883 17
353990 22
354096 18
354203 18
354309 18
354415 19
354522 8
354628 10
354734 19
354841 17
354947 15
355055 14
355161 20
355267 18
355374 18
355480 19
355586 17
355693 18
355799 18
355905 19
356013 16
356119 18
356225 25
356332 17
356438 20
356544 17
356651 20
356757 18
356863 17
356970 18
357077 25
357183 18
357290 18
357396 16
357502 18
357609 17
357715 16
357821 13
357928 21
358035 17
358142 17
358248 18
358354 23
358461 17
358567 19
358673 21
358780 12
358886 19
358993 23
359100 15
359206 19
359312 17
359419 21
359525 0
359631 18
359738 21
359844 19
359950 76
360058 17
360164 19
360271 17
360377 16
360483 20
360590 17
360696 16
360802 47
360909 19
361016 18
361122 14
361229 3
361335 17
361441 19
361548 26
361654 20
361760 15
361867 16
361973 17
362080 18
362187 18
362293 17
362399 18
362506 19
362612 15
362718 17
362825 3
362931 19
363039 15
363145 25
363251 16
363358 19
363464 22
363570 19
363677 90
363783 19
363889 16
363997 17
364103 0
364209 16
364316 20
364422 18
364528 38
364635 19
364741 17
364847 19
364954 18
365061 20
365167 18
365274 16
365380 26
365486 19
365593 17
365699 34
365805 21
365912 17
366019 20
366126 28
366232 15
366338 17
366445 17
366551 64
366657 16
366764 18
366870 15
366976 20
367084 18
367190 19
367296 20
367403 17
367509 19
367615 16
367722 16
367828 16
367934 19
368042 17
368148 5
368255 3
368361 21
368467 18
368574 16
368680 18
368786 16
368893 15
369000 12
369106 14
369213 17
369319 17
369425 15
369532 18
369638 16
369744 18
369851 51
369957 17
370064 15
370171 15
370277 14
370383 15
370490 19
370596 8
370702 17
370809 18
370915 18
371023 12
371129 27
371235 18
371342 20
371448 18
371554 17
371661 17
371767 19
371873 16
371980 0
372086 18
372193 19
372299 17
372405 41
372512 20
372618 17
372724 0
372831 19
372937 18
373044 20
373151 0
373257 15
373363 19
373470 17
373576 19
373682 17
373789 17
373895 0
374003 0
374109 23
374215 17
374322 17
374428 0
374534 26
374641 18
374747 18
374853 58
374960 17
375067 18
375173 17
375280 0
375386 16
375492 19
375599 0
375705 15
375811 19
375918 18
376025 2
376131 17
376238 18
376344 18
376450 17
376557 23
376663 19
376769 23
376876 19
376982 16
377090 17
377196 17
377302 16
377409 16
377515 16
377621 19
377728 12
377834 17
377940 18
378048 11
378154 17
378260 19
378367 16
378473 18
378579 20
378686 21
378792 19
378898 171
379006 20
379112 17
379219 17
379325 20
379431 17
379538 15
379644 17
379750 13
379857 18
379963 20
380070 19
380177 16
380283 14
380389 19
380496 20
380602 17
380708 22
380815 18
380921 13
381028 17
381135 18
381241 18
381347 14
381454 19
381560 17
381666 17
381773 16
381879 20
381987 19
382093 18
382199 16
382306 19
382412 14
382518 22
382625 19
382731 19
382837 17
382944 18
383051 16
383157 16
383264 17
383370 8
383476 15
383583 20
383689 21
383795 19
383902 17
384009 16
384116 19
384222 18
384328 0
384435 18
384541 8
384647 13
384754 20
384860 18
384966 17
385074 20
385180 19
385286 18
385393 19
385499 12
385605 18
385712 19
385818 18
385924 26
386032 30
386138 17
386244 18
386351 17
386457 17
386563 19
386670 11
386776 16
386882 19
386990 15
387096 20
387203 32
387309 16
387415 18
387522 23
387628 16
387734 18
387841 19
387947 12
388054 5
388161 21
388267 18
388373 10
388480 19
388586 19
388692 16
388799 11
388905 17
389012 20
389119 15
389225 22
389331 18
389438 18
389544 19
389650 12
389757 18
389863 18
389969 18
390077 121
390183 18
390290 17
390396 19
390502 0
390609 17
390715 19
390821 14
390928 0
391035 17
391141 18
391248 18
391354 115
391460 20
391567 16
391673 168
391779 13
391886 15
391993 18
392100 16
392206 17
392312 25
392419 16
392525 57
392631 16
392738 15
392844 19
392950 19
393058 18
393164 19
393270 17
393377 19
393483 17
393589 20
393696 17
393802 17
393908 18
394016 18
394122 18
394228 19
394335 20
394441 16
394547 6
394654 17
394760 19
394866 18
394973 19
395080 19
395187 19
395293 18
395399 23
395506 19
395612 12
395718 17
395825 16
395931 19
396038 18
396145 20
396251 17
396357 17
396464 29
396570 15
396676 17
396783 21
396889 18
396997 13
397103 18
397209 17
397316 18
397422 18
397528 15
397635 17
397741 18
397847 5
397954 15
398061 19
398167 17
398274 23
398380 15
398486 22
398593 18
398699 13
398805 17
398912 18
399019 18
399125 16
399232 19
399338 19
399444 13
399551 16
399657 19
399763 17
399870 16
399976 11
400084 19
400190 16
400296 17
400403 0
400509 16
400615 18
400722 11
400828 0
400934 16
401042 17
401148 20
401254 18
401361 17
401467 18
401573 16
401680 19
401786 19
401892 21
402000 0
402106 19
402212 17
402319 17
402425 19
402531 17
402638 18
402744 19
402850 24
402957 92
403064 17
403171 27
403277 16
403383 19
403490 16
403596 27
403702 27
403809 15
403915 16
404022 17
404129 21
404235 20
404341 17
404448 20
404554 17
404660 17
404767 18
404873 60
404979 15
405086 16
405193 19
405299 18
405405 18
405512 20
405618 25
405724 135
405831 19
405937 17
406045 18
406151 0
406257 18
406364 19
406470 17
406576 17
406683 17
406789 17
406895 17
407003 30
407109 14
407215 18
407322 17
407428 18
407534 17
407641 17
407747 15
407853 20
407960 19
408067 14
408173 19
408280 17
408386 18
408492 15
408599 12
408705 18
408811 19
408918 19
409025 13
409132 16
409238 17
409344 16
409451 18
409557 17
409663 17
409770 16
409876 17
409982 19
410090 18
410196 25
410302 0
410409 17
410515 21
410621 24
410728 7
410834 18
410940 25
411048 21
411154 19
411261 16
411367 17
411473 18
411580 16
411686 17
411792 20
411899 13
412006 19
412112 18
412219 17
412325 22
412431 17
412538 17
412644 16
412750 21
412857 19
412963 16
413070 16
413177 15
413283 17
413389 18
413496 18
413602 18
413708 18
413815 19
413921 20
414029 14
414135 20
414241 15
414348 21
414454 18
414560 18
414667 19
414773 19
414879 17
414987 19
415093 18
415199 18
415306 18
415412 19
415518 19
415625 16
415731 20
415837 14
415944 18
416051 16
416158 17
416264 16
416370 16
416477 24
416583 20
416689 18
416796 18
416902 22
417009 24
417116 17
417222 15
417328 35
417435 17
417541 19
417647 16
417754 19
417860 9
417966 24
418074 39
418180 5
418286 16
418393 19
418499 20
418605 15
418712 21
418818 12
418924 28
419032 17
419138 17
419245 20
419351 11
419457 18
419564 17
419670 17
419776 0
419883 18
419990 20
420096 17
420203 12
420309 19
420415 10
420522 19
420628 20
420734 19
420841 18
420947 0
421054 19
421161 16
421267 15
421373 21
421480 18
421586 16
421692 20
421799 0
421905 13
422013 16
422119 19
422225 42
422332 16
422438 17
422544 19
422651 50
422757 18
422863 20
422970 17
423077 0
423183 18
423290 15
423396 17
423502 16
423609 15
423715 18
423821 10
423928 16
424035 19
424142 18
424248 19
424354 18
424461 16
424567 19
424673 20
424780 17
424886 21
424993 16
425100 12
425206 19
425312 18
425419 15
425525 16
425631 18
425738 14
425844 18
425950 21
426058 21
426164 20
426270 16
426377 86
426483 19
426589 16
426696 13
426802 17
426908 17
427016 16
427122 15
427229 22
427335 19
427441 17
427548 45
427654 18
427760 18
427867 14
427973 13
428080 18
428187 26
428293 18
428399 19
428506 16
428612 17
428718 16
428825 16
428931 16
429039 18
429145 23
429251 16
429358 17
429464 20
429570 25
429677 16
429783 22
429889 17
429997 22
430103 10
430209 19
430316 19
430422 18
430528 63
430635 21
430741 17
430847 15
430954 19
431061 17
431167 19
431274 12
431380 17
431486 19
431593 20
431699 22
431805 21
431912 17
432019 24
432126 105
432232 14
432338 16
432445 18
432551 16
432657 16
432764 18
432870 23
432976 39
433084 18
433190 16
433296 14
433403 0
433509 19
433615 14
433722 7
433828 19
433934 18
434042 19
434148 0
434254 19
434361 19
434467 19
434573 31
434680 18
434786 22
434892 15
435000 0
435106 19
435213 19
435319 19
435425 44
435532 18
435638 15
435744 18
435851 0
435957 16
436065 17
436171 23
436277 18
436384 15
436490 20
436597 0
436703 18
436810 17
436916 18
437024 21
437130 17
437236 20
437343 16
437449 17
437556 17
437662 18
437769 18
437875 16
437981 15
438089 16
438195 17
438302 11
438408 15
438515 16
438621 8
438728 0
438834 17
438940 17
439048 15
439154 18
439261 17
439367 16
439474 24
439580 18
439687 16
439793 17
439899 16
440007 14
440113 17
440220 18
440326 53
440433 19
440539 16
440646 19
440752 15
440858 15
440965 18
441072 17
441179 15
441285 0
441392 15
441498 17
441605 47
441711 18
441817 15
441924 40
442031 18
442138 17
442244 18
442351 24
442457 16
442564 16
442670 11
442776 20
442883 19
442990 12
443097 22
443203 17
443310 14
443416 15
443523 2
443629 20
443735 19
443842 17
443948 23
444056 16
444162 17
444269 16
444375 0
444482 18
444588 16
444694 13
444801 18
444907 12
445015 16
445121 0
445228 14
445334 16
445441 16
445547 39
445653 18
445760 17
445866 23
445973 25
446080 19
446187 17
446293 8
446400 16
446506 18
446612 16
446719 16
446825 106
446932 6
447039 16
447146 16
447252 99
447359 16
447465 15
447571 0
447678 16
447784 17
447891 15
447998 9
448105 17
448211 11
448318 15
448424 11
448530 19
448637 16
448743 14
448850 53
448956 14
449064 14
449170 18
449277 17
449383 15
449489 20
449596 14
449702 21
449809 17
449915 16
450023 39
450129 16
450236 19
450342 15
450448 17
450555 16
450661 17
450768 25
450874 16
450981 18
451088 0
451195 20
451301 0
451407 36
451514 19
451620 19
451727 40
451833 16
451940 20
452047 14
452154 17
452260 16
452366 18
452473 18
452579 18
452686 19
452792 17
452899 18
453006 18
453113 18
453219 16
453325 72
453432 24
453538 17
453645 12
453751 18
453858 18
453964 15
454072 18
454178 18
454284 17
454391 18
454497 16
454604 19
454710 19
454817 16
454923 20
455031 15
455137 16
455243 16
455350 10
455456 17
455563 15
455669 9
455776 19
455882 18
455990 18
456096 9
456202 16
456309 21
456415 19
456522 41
456628 15
456735 15
456841 17
456947 8
457055 17
457161 16
457268 18
457374 0
457481 15
457587 15
457694 18
457800 21
457906 18
458014 18
458120 3
458227 19
458333 16
458440 19
458546 0
458653 17
458759 19
458865 16
458972 0
459079 21
459186 16
459292 17
459399 17
459505 17
459612 18
459718 15
459824 18
459931 20
460038 14
460145 19
460251 8
460358 16
460464 19
460571 0
460677 16
460783 18
460890 18
460997 164
461104 16
461210 17
461317 15
461423 8
461530 17
461636 23
461742 18
461849 23
461955 16
462063 17
462169 18
462276 59
462382 20
462489 16
462595 16
462701 0
462808 14
462914 18
463022 12
463128 14
463235 21
463341 18
463448 19
463554 17
463660 19
463767 17
463873 16
463980 16
464086 19
464193 18
464299 18
464406 20
464512 17
464619 18
464725 19
464831 20
464938 19
465045 20
465152 19
465258 18
465365 17
465471 16
465578 17
465684 16
465790 25
465897 11
466004 20
466111 19
466217 17
466324 8
466430 16
466537 18
466643 13
466749 18
466856 18
466962 17
467070 30
467176 126
467283 14
467389 17
467496 20
467602 18
467708 20
467815 18
467921 21
468029 16
468135 19
468242 16
468348 11
468455 18
468561 18
468667 16
468774 17
468880 17
468988 18
469094 14
469201 6
469307 17
469414 18
469520 26
469626 17
469733 19
469839 17
469946 18
470053 14
470160 18
470266 18
470373 32
470479 18
470585 20
470692 17
470798 0
470905 11
471012 18
471119 16
471225 11
471332 17
471438 19
471544 16
471651 18
471757 18
471864 17
471970 0
472078 19
472184 18
472291 17
472397 12
472503 18
472610 18
472716 20
472823 84
472929 18
473037 12
473143 19
473250 16
473356 21
473462 17
473569 23
473675 16
473782 18
473888 15
473996 19
474102 19
474209 19
474315 17
474421 16
474528 18
474634 18
474741 18
474847 8
474954 17
475061 19
475168 17
475274 0
475380 19
475487 15
475593 21
475700 16
475806 30
475913 17
476020 15
476127 17
476233 25
476339 17
476446 18
476552 17
476659 18
476765 21
476872 30
476978 19
477086 18
477192 16
477298 23
477405 19
477511 15
477618 13
477724 18
477831 16
477937 20
478045 17
478151 0
478257 16
478364 16
478470 15
478577 18
478683 19
478790 18
478896 18
479004 10
479110 18
479216 18
479323 24
479429 17
479536 13
479642 14
479749 16
479855 11
479961 18
480069 24
480175 27
480282 17
480388 15
480495 19
480601 16
480708 16
480814 15
480920 22
481028 14
481134 18
481241 15
481347 30
481454 19
481560 18
481667 17
481773 0
481879 17
481987 14
482093 17
482200 12
482306 17
482413 17
482519 15
482626 19
482732 16
482838 19
482945 0
483052 18
483159 15
483265 15
483372 18
483478 17
483585 17
483691 17
483797 17
483904 14
484011 15
484118 18
484224 0
484331 18
484437 15
484544 26
484650 15
484756 19
484863 20
484969 17
485077 16
485183 18
485290 16
485396 18
485503 18
485609 15
485715 15
485822 0
485928 18
486036 7
486142 16
486249 170
486355 18
486462 15
486568 11
486674 24
486781 16
486887 16
486995 16
487101 29
487208 17
487314 17
487421 14
487527 19
487633 8
487740 16
487846 0
487953 16
488060 17
488167 16
488273 0
488380 16
488486 16
488592 17
488699 19
488805 16
488912 18
489019 17
489126 90
489232 18
489339 16
489445 18
489551 17
489658 19
489764 15
489871 10
489977 14
490085 18
490191 15
490298 18
490404 16
490510 16
490617 17
490723 16
490830 17
490936 19
491044 20
491150 18
491257 30
491363 16
491469 16
491576 15
491682 13
491789 20
491895 17
492003 17
492109 18
492216 16
492322 20
492428 16
492535 16
492641 16
492748 18
492854 19
492961 17
493068 14
493175 20
493281 18
493387 11
493494 16
493600 15
493707 14
493813 16
493920 22
494027 19
494134 17
494240 16
494346 30
494453 18
494559 18
494666 16
494772 22
494879 18
494986 17
495093 18
495199 4
495305 17
495412 25
495518 14
495625 18
495731 18
495838 18
495944 22
496052 16
496158 16
496264 17
496371 26
496477 14
496584 19
496690 16
496797 30
496903 16
497011 16
497117 17
497223 36
497330 14
497436 17
497543 19
497649 17
497756 18
497862 7
497968 17
498076 17
498182 19
498289 15
498395 16
498502 18
498608 18
498715 17
498821 19
498927 16
499035 17
499141 16
499248 17
499354 17
499461 18
499567 20
499674 15
499780 19
499886 17
499994 17
500100 29
500207 15
500313 18
500420 15
500526 15
500633 15
500739 21
500845 0
500952 19
501059 20
501166 16
501272 0
501379 13
501485 17
501592 12
501698 17
501804 9
501911 18
502018 16
502125 17
502231 18
502338 16
502444 16
502551 14
502657 15
502763 15
502870 19
502976 77
503084 16
503190 15
503297 22
503403 59
503510 15
503616 19
503722 15
503829 18
503935 17
504043 23
504149 47
504256 17
504362 14
504469 18
504575 15
504681 16
504788 17
504894 18
505002 16
505108 16
505215 16
505321 28
505428 15
505534 16
505640 17
505747 36
505853 16
505960 17
506067 22
506174 13
506280 16
506387 17
506493 18
506599 19
506706 17
506812 17
506919 16
507026 18
507133 18
507239 18
507346 24
507452 9
507558 15
507665 16
507771 15
507878 16
507985 16
508092 20
508198 0
508305 17
508411 20
508517 11
508624 16
508730 17
508837 19
508943 21
509051 14
509157 16
509264 18
509370 16
509476 16
509583 16
509689 17
509796 0
509902 16
510010 16
510116 19
510223 19
510329 17
510435 21
510542 19
510648 7
510755 15
510861 19
510968 16
511075 23
511182 17
511288 17
511394 17
511501 16
511607 18
511714 17
511820 3
511927 17
512034 19
512141 19
512247 12
512353 17
512460 17
512566 24
512673 19
512779 16
512886 96
512993 17
513100 53
513206 19
513312 16
513419 16
513525 17
513632 16
513738 17
513845 16
513951 19
514059 20
514165 16
514271 18
514378 19
514484 18
514591 17
514697 17
514804 15
514910 20
515018 17
515124 29
515230 17
515337 13
515443 17
515550 15
515656 15
515763 16
515869 19
515975 18
516083 17
516189 19
516296 15
516402 15
516509 16
516615 17
516722 21
516828 18
516934 16
517042 20
517148 15
517255 19
517361 16
517468 16
517574 17
517681 15
517787 15
517893 17
518001 17
518107 18
518214 18
518320 23
518427 24
518533 17
518640 18
518746 12
518852 18
518959 15
519066 17
519173 0
519279 19
519386 17
519492 18
519599 16
519705 18
519811 17
519918 5
520025 17
520132 15
520238 14
520345 17
520451 18
520558 18
520664 17
520770 0
520877 16
520985 18
521092 18
521198 0
521304 21
521411 18
521517 10
521624 21
521730 19
521837 19
521943 18
522051 12
522157 17
522263 18
522370 17
522476 15
522583 16
522689 15
522796 0
522902 12
523010 16
523116 17
523222 39
523329 15
523435 15
523542 13
523648 15
523755 17
523861 16
523967 15
524075 19
524181 16
524288 16
524394 20
524501 19
524607 17
524714 17
524820 0
524926 17
525034 17
525140 19
525247 13
525353 19
525460 17
525566 10
525673 20
525779 19
525885 16
525993 7
526099 129
526206 16
526312 17
526419 18
526525 17
526632 19
526738 14
526844 52
526951 20
527058 17
527165 18
527271 18
527378 19
527484 17
527591 18
527697 16
527803 14
527910 18
528017 15
528124 18
528230 18
528337 18
528443 14
528550 19
528656 19
528762 17
528869 18
528975 17
529083 20
529189 17
529296 13
529402 17
529509 18
529615 16
529721 35
529828 17
529934 18
530042 18
530148 18
530255 17
530361 16
530468 15
530574 18
530680 15
530787 13
530893 0
531001 15
531107 16
531214 15
531320 10
531427 56
531533 15
531639 17
531746 93
531852 18
531959 19
532066 22
532173 11
532279 20
532386 16
532492 16
532598 17
532705 18
532811 17
532918 19
533025 18
533132 28
533238 17
533345 12
533451 21
533557 15
533664 17
533770 18
533877 14
533985 18
534092 20
534198 0
534305 18
534411 18
534518 24
534624 18
534730 16
534837 15
534943 24
535051 21
535157 17
535264 19
535370 17
535477 18
535583 17
535689 21
535796 17
535902 20
536010 17
536116 20
536223 26
536329 18
536436 17
536542 26
536648 17
536755 17
536861 17
536968 11
537075 16
537182 20
537288 17
537395 17
537501 22
537607 19
537714 16
537820 14
537927 20
538034 19
538141 19
538247 82
538354 16
538460 17
538566 12
538673 18
538779 17
538886 18
538993 20
539100 17
539206 18
539313 19
539419 7
539525 18
539632 17
539738 19
539845 23
539951 16
540059 18
540165 16
540272 14
540378 17
540484 23
540591 20
540697 18
540804 18
540910 17
541018 20
541124 16
541231 18
541337 17
541443 18
541550 19
541656 16
541763 19
541869 0
541976 17
542083 17
542190 18
542296 12
542402 19
542509 18
542615 17
542722 11
542828 17
542935 18
543042 17
543149 0
543255 20
543361 18
543468 19
543574 11
543681 17
543787 19
543894 31
544001 16
544108 17
544214 23
544320 12
544427 17
544533 17
544640 18
544746 18
544853 16
544959 19
545067 17
545173 34
545279 16
545386 20
545492 19
545599 28
545705 20
545812 19
545918 14
546026 18
546132 20
546238 18
546345 16
546451 17
546558 17
546664 12
546771 18
546877 21
546985 19
547092 19
547198 21
547304 19
547411 18
547517 20
547624 17
547730 13
547837 20
547943 19
548051 18
548157 16
548263 19
548370 14
548476 20
548583 17
548689 18
548796 18
548902 18
549010 18
549116 23
549222 0
549329 19
549435 20
549542 15
549648 23
549755 18
549861 12
549967 19
550075 18
550181 18
550288 15
550394 21
550501 18
550607 18
550714 19
550820 8
550926 18
551034 20
551140 19
551247 26
551353 17
551460 16
551566 18
551673 17
551779 17
551885 20
551993 56
552099 18
552206 18
552312 18
552419 16
552525 18
552632 16
552738 17
552844 0
552951 19
553058 6
553165 17
553271 11
553378 18
553484 19
553591 17
553697 4
553803 19
553910 17
554017 42
554124 19
554230 17
554337 14
554443 18
554550 14
554656 20
554762 20
554869 9
554975 13
555083 16
555189 17
555296 16
555402 16
555509 19
555615 18
555721 18
555828 17
555934 18
556042 16
556148 57
556255 16
556361 17
556468 18
556574 19
556680 16
556787 17
556893 0
557001 19
557107 17
557214 20
557320 22
557427 19
557533 16
557639 17
557746 20
557852 19
557959 19
558066 17
558173 7
558279 19
558386 6
558492 18
558598 0
558705 14
558811 16
558918 16
559025 13
559132 16
559238 13
559345 18
559451 16
559557 19
559664 17
559770 17
559877 17
559984 17
560091 15
560198 19
560304 18
560411 13
560517 155
560623 18
560730 24
560836 19
560943 14
561050 18
561157 19
561263 16
561370 10
561476 21
561582 21
561689 15
561795 0
561902 19
562009 18
562116 17
562222 0
562329 19
562435 18
562541 13
562648 20
562754 19
562861 20
562967 52
563075 21
563181 19
563288 18
563394 16
563500 19
563607 18
563713 18
563820 14
563926 15
564034 18
564140 14
564247 32
564353 12
564459 18
564566 16
564672 18
564779 18
564885 18
564993 53
565099 17
565206 14
565312 26
565418 19
565525 15
565631 18
565738 18
565844 43
565951 16
566058 17
566165 19
566271 68
566377 17
566484 20
566590 23
566697 54
566803 20
566910 17
567017 14
567124 17
567230 18
567336 19
567443 18
567549 16
567656 18
567762 18
567869 59
567975 17
568083 19
568189 17
568295 24
568402 15
568508 18
568615 20
568721 19
568828 16
568934 17
569042 18
569148 0
569254 18
569361 17
569467 17
569574 16
569680 18
569787 20
569893 18
570001 18
570107 18
570213 15
570320 19
570426 20
570533 19
570639 20
570746 19
570852 18
570958 17
571066 11
571172 0
571279 19
571385 22
571492 18
571598 17
571705 19
571811 17
571917 19
572025 19
572131 19
572238 33
572344 15
572451 18
572557 9
572664 18
572770 18
572876 27
572985 16
573092 79
573198 18
573305 18
573411 15
573517 55
573624 17
573730 16
573837 15
573943 26
574051 10
574157 21
574264 15
574370 14
574476 14
574583 17
574689 18
574796 18
574902 17
575010 16
575116 18
575223 16
575329 17
575435 29
575542 0
575648 16
575755 10
575861 17
575968 38
576075 19
576182 18
576288 17
576394 12
576501 32
576607 17
576714 20
576820 19
576927 18
577034 13
577141 15
577247 0
577353 17
577460 17
577566 20
577673 16
577779 15
577886 17
577993 11
578100 17
578206 15
578312 17
578419 17
578525 13
578632 17
578738 18
578845 14
578951 17
579059 18
579165 18
579271 0
579378 16
579484 17
579591 13
579697 13
579804 18
579910 18
580018 6
580124 14
580230 18
580337 42
580443 27
580550 16
580656 17
580763 0
580869 12
580975 15
581083 13
581189 17
581296 0
581402 17
581509 17
581615 18
581722 11
581828 15
581934 14
582042 15
582148 17
582255 16
582361 17
582468 16
582574 15
582681 17
582787 15
582893 16
583001 17
583107 13
583214 15
583320 21
583427 19
583533 18
583640 21
583746 15
583852 15
583959 14
584066 0
584173 20
584279 16
584386 15
584492 16
584599 18
584705 19
584811 17
584918 25
585025 18
585132 17
585238 17
585345 23
585451 16
585558 15
585664 21
585770 0
585877 20
585985 20
586092 17
586198 17
586304 20
586411 21
586517 17
586624 16
586730 20
586837 17
586943 0
587051 26
587157 17
587263 17
587370 5
587476 16
587583 16
587689 25
587796 29
587902 18
588010 15
588116 14
588222 15
588329 15
588435 7
588542 0
588648 16
588755 18
588861 18
588967 30
589075 16
589181 15
589288 16
589394 9
589501 16
589607 11
589714 16
589820 17
589926 16
590034 14
590140 18
590247 71
590353 15
590460 16
590566 15
590673 16
590779 17
590885 16
590993 6
591099 18
591206 16
591312 17
591419 16
591525 16
591632 17
591738 20
591844 17
591951 17
592058 16
592165 16
592271 0
592378 19
592484 21
592591 13
592697 16
592803 18
592910 19
593017 34
593124 17
593230 17
593337 18
593443 18
593550 14
593656 19
593762 16
593869 19
593975 17
594083 20
594189 15
594296 0
594402 11
594509 17
594615 11
594721 16
594828 17
594934 17
595042 22
595148 17
595255 16
595361 17
595468 17
595574 19
595680 18
595787 18
595893 17
596001 17
596107 16
596214 18
596320 7
596427 13
596533 17
596639 11
596746 13
596852 16
596959 18
597066 0
597173 14
597279 18
597386 19
597492 15
597598 16
597705 10
597811 15
597918 8
598025 16
598132 11
598238 17
598345 17
598451 25
598557 16
598664 18
598770 2
598877 17
598985 14
599092 18
599198 20
599305 17
599411 18
599518 53
599624 0
599730 17
599837 17
599943 17
600051 17
600157 18
600264 18
600370 0
600477 19
600583 16
600689 19
600796 12
600902 16
601010 18
601116 15
601223 18
601329 20
601436 30
601542 0
601648 16
601755 8
601861 12
601968 12
602075 17
602182 19
602288 17
602395 26
602501 17
602607 17
602714 8
602820 18
602927 20
603034 16
603141 19
603247 18
603354 17
603460 16
603566 57
603673 18
603779 16
603886 17
603993 20
604100 20
604206 17
604313 19
604419 19
604525 16
604632 16
604738 15
604845 20
604951 17
605059 19
605165 22
605272 135
605378 20
605484 14
605591 175
605697 19
605804 17
605910 18
606018 8
606124 19
606231 17
606337 17
606443 13
606550 23
606656 20
606763 16
606869 6
606976 16
607083 18
607190 17
607296 0
607402 19
607509 18
607615 13
607722 18
607828 17
607935 16
608042 17
608149 17
608255 18
608361 17
608468 19
608574 15
608681 18
608787 18
608894 0
609001 18
609108 16
609214 19
609320 0
609427 17
609533 20
609640 17
609746 17
609853 19
609959 17
610067 22
610173 18
610279 18
610386 15
610492 16
610599 18
610705 16
610812 19
610918 20
611026 19
611132 15
611238 18
611345 26
611451 18
611558 11
611664 17
611771 17
611877 19
611985 22
612092 18
612198 20
612304 19
612411 20
612517 0
612624 20
612730 20
612837 20
612943 19
613051 19
613157 19
613263 4
613370 19
613476 17
613583 12
613689 15
613796 17
613902 19
614010 17
614116 19
614222 17
614329 17
614435 15
614542 76
614648 38
614755 19
614861 18
614967 17
615075 18
615181 16
615288 17
615394 13
615501 16
615607 16
615714 20
615820 17
615926 17
616034 16
616140 18
616247 18
616353 18
616460 17
616566 44
616673 19
616779 19
616885 18
616993 13
617099 16
617206 21
617312 17
617419 25
617525 24
617632 15
617738 17
617844 26
617951 19
618058 35
618165 14
618271 129
618378 17
618484 14
618591 0
618697 18
618803 18
618910 17
619017 14
619124 18
619230 19
619337 17
619443 19
619550 17
619656 20
619762 17
619869 21
619975 16
620083 18
620189 20
620296 28
620402 8
620509 16
620615 18
620721 21
620828 19
620934 15
621042 62
621148 18
621255 18
621361 0
621468 19
621574 16
621680 11
621787 17
621893 0
622001 13
622107 26
622214 17
622320 0
622427 16
622533 16
622639 16
622746 18
622852 23
622959 18
623066 0
623173 14
623279 19
623386 21
623492 16
623598 19
623705 17
623811 18
623918 15
624025 19
624132 13
624238 18
624345 0
624451 8
624557 18
624664 20
624770 15
624877 18
624984 18
625091 16
625198 18
625304 15
625411 19
625517 23
625623 21
625730 17
625836 21
625943 9
626050 18
626157 19
626263 19
626370 19
626476 13
626582 14
626689 10
626795 18
626902 17
627009 17
627116 19
627222 19
627329 19
627435 18
627541 0
627648 18
627754 19
627861 20
627967 19
628075 22
628181 17
628288 16
628394 34
628500 17
628607 17
628713 17
628820 18
628926 15
629034 17
629140 0
629247 19
629353 15
629459 18
629566 55
629672 16
629779 17
629885 15
629993 107
630099 17
630206 18
630312 19
630418 0
630525 18
630631 18
630738 15
630844 27
630951 19
631058 14
631165 20
631271 17
631377 17
631484 17
631590 9
631697 15
631803 20
631910 14
632017 12
632124 20
632230 16
632336 19
632443 19
632549 38
632656 18
632762 18
632869 17
632975 19
633083 18
633189 18
633295 16
633402 16
633508 25
633615 0
633721 18
633828 20
633934 16
634042 47
634148 19
634254 19
634361 14
634467 14
634574 16
634680 0
634787 16
634893 20
635001 5
635107 18
635213 23
635320 17
635426 18
635533 18
635639 23
635746 17
635852 17
635958 17
636066 45
636172 16
636279 15
636385 14
636492 19
636598 19
636705 18
636811 18
636917 19
637025 17
637131 13
637238 12
637344 20
637451 18
637557 15
637664 23
637770 18
637876 16
637985 16
638092 0
638198 18
638305 18
638411 17
638517 16
638624 17
638730 17
638837 17
638943 17
639051 18
639157 16
639264 9
639370 17
639476 15
639583 18
639689 18
639796 15
639902 11
640010 15
640116 55
640223 18
640329 16
640435 17
640542 23
640648 18
640755 18
640861 17
640968 15
641075 16
641182 17
641288 16
641394 14
641501 16
641607 16
641714 25
641820 17
641927 18
642034 16
642141 0
642247 18
642353 16
642460 17
642566 0
642673 17
642779 16
642886 18
642993 15
643100 17
643206 18
643312 8
643419 19
643525 16
643632 18
643738 12
643845 17
643951 18
644059 17
644165 37
644271 17
644378 16
644484 17
644591 0
644697 16
644804 23
644910 19
645018 19
645124 18
645230 57
645337 13
645443 16
645550 16
645656 26
645763 15
645869 17
645975 18
646083 17
646189 147
646296 17
646402 19
646509 29
646615 34
646722 18
646828 15
646934 15
647042 16
647148 9
647255 15
647361 17
647468 17
647574 19
647681 17
647787 4
647893 16
648001 13
648107 16
648214 13
648320 18
648427 17
648533 17
648640 30
648746 17
648852 13
648959 20
649066 17
649173 18
649279 19
649386 16
649492 18
649599 20
649705 16
649811 16
649918 17
650025 16
650132 16
650238 27
650345 18
650451 17
650558 16
650664 21
650770 15
650877 16
650985 18
651092 23
651198 17
651304 19
651411 18
651517 7
651624 20
651730 16
651837 0
651943 19
652051 17
652157 16
652263 10
652370 15
652476 17
652583 15
652689 118
652796 18
652902 16
653010 18
653116 9
653222 17
653329 16
653435 18
653542 17
653648 15
653755 16
653861 16
653967 16
654075 18
654181 18
654288 26
654394 16
654501 19
654607 18
654713 7
654819 18
654926 18
655033 15
655139 0
655246 17
655352 20
655458 18
655565 71
655671 24
655777 19
655883 15
655991 103
656097 21
656203 20
656310 15
656416 0
656522 18
656629 18
656735 17
656841 0
656947 19
657055 17
657161 20
657267 20
657374 18
657480 19
657586 13
657693 16
657799 20
657905 16
658013 19
658119 9
658225 18
658331 16
658438 11
658544 15
658650 15
658757 17
658863 9
658969 14
659077 21
659183 18
659289 19
659395 20
659502 16
659608 19
659714 33
659821 18
659927 20
660034 17
660141 13
660247 15
660353 17
660459 18
660566 57
660672 17
660778 17
660885 12
660992 0
661098 17
661204 17
661311 18
661417 37
661523 19
661630 16
661736 18
661842 26
661948 18
662056 17
662162 12
662268 17
662375 19
662481 21
662587 24
662694 18
662800 19
662906 19
663014 18
663120 18
663226 19
663332 16
663439 23
663545 20
663651 19
663758 19
663864 0
663970 21
664078 17
664184 18
664290 0
664396 22
664503 44
664609 18
664715 0
664822 18
664928 15
665035 19
665142 14
665248 19
665354 18
665460 17
665567 18
665673 19
665779 18
665886 18
665993 16
666099 17
666206 17
666312 19
666418 18
666524 18
666631 15
666737 14
666843 17
666950 19
667057 17
667163 21
667270 18
667376 19
667482 22
667588 17
667695 19
667801 19
667907 20
668015 0
668121 18
668227 16
668334 17
668440 22
668546 17
668652 15
668759 16
668865 31
668971 19
669079 20
669185 18
669291 22
669397 19
669504 18
669610 20
669716 19
669823 20
669929 18
670036 12
670143 16
670249 14
670355 15
670461 18
670568 18
670674 16
670780 17
670887 18
670994 18
671100 18
671207 18
671313 15
671419 19
671525 18
671632 18
671738 21
671844 26
671951 20
672058 21
672164 19
672271 18
672377 14
672483 19
672589 22
672696 15
672802 19
672908 20
673016 29
673122 20
673228 14
673335 18
673441 24
673547 18
673653 20
673760 22
673866 16
673972 18
674080 15
674186 19
674292 16
674399 17
674505 18
674611 17
674717 25
674824 16
674930 9
675037 15
675144 17
675250 18
675356 18
675463 17
675569 18
675675 17
675781 19
675888 22
675995 12
676101 17
676208 16
676314 55
676420 20
676527 16
676633 16
676739 41
676845 20
676952 19
677059 16
677165 130
677272 18
677378 27
677484 17
677590 3
677697 18
677803 19
677909 21
678017 18
678123 17
678229 15
678336 17
678442 17
678548 17
678654 17
678761 23
678867 17
678973 17
679081 16
679187 16
679293 19
679400 19
679506 38
679612 30
679718 21
679825 16
679931 19
680038 76
680145 17
680251 18
680357 18
680464 17
680570 18
680676 17
680782 17
680889 5
680996 18
681102 22
681209 19
681315 0
681421 20
681528 17
681634 16
681740 143
681846 16
681953 18
682060 16
682166 18
682273 15
682379 16
682485 27
682592 17
682698 14
682804 4
682910 15
683018 17
683124 18
683230 20
683337 16
683443 19
683549 19
683656 17
683762 17
683868 64
683974 16
684082 17
684188 22
684294 13
684401 17
684507 24
684613 22
684720 17
684826 14
684932 18
685039 20
685146 19
685252 19
685358 16
685465 18
685571 22
685677 17
685783 20
685890 72
685997 35
686103 13
686210 16
686316 0
686422 16
686529 17
686635 17
686741 24
686847 9
686954 14
687061 19
687167 24
687274 43
687380 16
687486 18
687593 16
687699 20
687805 19
687911 21
688019 19
688125 18
688231 16
688338 19
688444 16
688550 17
688657 18
688763 0
688869 17
688975 18
689083 23
689189 18
689295 17
689402 18
689508 23
689614 24
689721 17
689827 19
689933 19
690041 21
690147 17
690253 15
690359 17
690466 15
690572 15
690678 18
690785 18
690891 0
690998 22
691105 19
691211 18
691317 18
691423 61
691530 19
691636 18
691742 19
691849 17
691955 19
692062 19
692169 14
692275 18
692381 17
692487 17
692594 16
692700 17
692806 18
692913 27
693020 20
693126 19
693232 19
693339 13
693445 17
693551 17
693658 18
693764 82
693870 18
693976 17
694084 18
694190 19
694296 16
694403 18
694509 17
694615 16
694722 18
694828 0
694934 14
695042 29
695148 24
695254 18
695360 19
695467 7
695573 17
695679 21
695786 18
695892 19
695999 9
696106 19
696212 16
696318 10
696424 17
696531 16
696637 14
696743 19
696850 18
696956 21
697063 18
697170 19
697276 19
697382 18
697488 18
697595 17
697701 17
697807 19
697914 18
698021 18
698127 15
698234 14
698340 17
698446 6
698552 18
698659 21
698765 19
698871 17
698978 17
699085 10
699191 43
699298 15
699404 18
699510 14
699616 15
699723 20
699829 18
699935 18
700043 40
700149 18
700255 17
700362 17
700468 17
700574 0
700680 24
700787 18
700893 18
701000 19
701107 17
701213 9
701319 9
701425 18
701532 20
701638 0
701744 18
701851 20
701957 18
702064 17
702171 15
702277 18
702383 16
702489 13
702596 17
702702 19
702808 23
702915 21
703022 17
703128 19
703235 18
703341 22
703447 18
703553 25
703660 17
703766 14
703872 19
703979 17
704086 4
704192 9
704299 17
704405 16
704511 9
704617 20
704724 19
704830 17
704936 20
705044 11
705150 16
705256 15
705363 17
705469 16
705575 17
705681 17
705788 15
705894 18
706001 19
706108 18
706214 18
706320 17
706427 4
706533 18
706639 0
706745 18
706852 17
706958 20
707065 52
707172 18
707278 17
707384 16
707491 18
707597 18
707703 18
707809 15
707916 9
708023 14
708129 16
708236 16
708342 0
708448 17
708554 18
708661 21
708767 20
708873 20
708980 19
709086 20
709193 18
709299 19
709405 18
709511 18
709618 20
709724 22
709830 18
709937 9
710044 14
710150 19
710257 16
710363 18
710469 18
710575 14
710682 17
710788 17
710894 18
711002 18
711108 19
711214 26
711321 18
711427 20
711533 18
711639 13
711746 19
711852 13
711958 18
712066 20
712172 18
712278 20
712385 14
712491 19
712597 16
712703 18
712810 22
712916 171
713023 21
713130 19
713236 19
713342 18
713448 18
713555 19
713661 19
713767 7
713874 7
713980 19
714086 19
714193 16
714299 21
714405 18
714511 26
714618 19
714724 20
714830 18
714937 24
715044 15
715150 17
715257 15
715363 21
715469 17
715575 16
715682 15
715788 0
715894 16
716002 16
716108 18
716214 20
716321 19
716427 22
716533 16
716639 0
716746 16
716852 16
716958 18
717066 0
717172 17
717278 16
717385 17
717491 18
717597 17
717703 17
717810 11
717916 18
718023 33
718130 17
718236 18
718342 0
718449 18
718555 17
718661 7
718767 20
718874 19
718980 31
719086 13
719193 19
719299 21
719405 18
719512 8
719618 18
719724 18
719830 20
719937 19
720044 18
720150 19
720257 19
720363 16
720469 17
720575 18
720682 18
720788 48
720894 22
721002 32
721108 23
721214 12
721321 15
721427 16
721533 15
721639 54
721746 16
721852 16
721958 13
722066 18
722172 19
722278 18
722385 19
722491 19
722597 18
722703 18
722810 20
722916 20
723023 15
723130 19
723236 18
723342 0
723449 22
723555 17
723661 21
723767 16
723874 18
723980 18
724086 19
724193 119
724299 6
724405 18
724512 0
724618 18
724724 18
724830 21
724937 22
725044 17
725150 18
725257 14
725363 17
725469 17
725576 19
725682 18
725788 0
725894 17
726002 20
726108 20
726214 25
726321 18
726427 20
726533 17
726640 19
726746 19
726852 17
726958 17
727066 24
727172 18
727278 13
727385 19
727491 17
727597 19
727704 17
727810 14
727916 14
728023 19
728130 18
728236 18
728342 17
728449 21
728555 18
728661 23
728767 19
728874 16
728980 20
729086 29
729193 7
729299 18
729405 14
729512 31
729618 17
729724 16
729830 17
729937 17
730044 18
730150 20
730257 13
730363 24
730469 18
730576 22
730682 21
730788 0
730894 18
731002 21
731108 18
731214 15
731321 18
731427 16
731533 17
731640 18
731746 18
731852 19
731958 17
732066 17
732172 19
732278 18
732385 20
732491 19
732597 18
732704 19
732810 18
732916 18
733024 18
733130 16
733236 11
733342 0
733449 16
733555 16
733661 15
733768 15
733874 21
733980 15
734086 17
734193 19
734299 14
734405 19
734512 0
734618 17
734724 19
734830 13
734937 16
735044 18
735150 32
735257 18
735363 28
735469 19
735576 19
735682 17
735788 109
735894 16
736002 16
736108 16
736214 139
736321 19
736427 17
736533 14
736640 20
736746 19
736852 19
736958 15
737066 0
737172 19
737278 21
737385 16
737491 17
737597 16
737704 18
737810 21
737916 46
738024 15
738130 18
738236 19
738342 0
738449 17
738555 16
738661 0
738768 17
738874 19
738980 18
739086 12
739193 7
739299 15
739405 8
739512 27
739618 16
739724 20
739830 17
739937 17
740044 19
740150 17
740257 19
740363 13
740469 19
740576 20
740682 19
740788 0
740894 18
741002 17
741108 17
741214 33
741321 17
741427 16
741533 16
741640 16
741746 16
741852 17
741958 12
742066 50
742172 22
742278 18
742385 18
742491 17
742597 18
742704 18
742810 17
742916 0
743024 17
743130 16
743236 17
743342 23
743449 15
743555 27
743661 111
743768 15
743874 18
743980 18
744086 30
744193 17
744299 17
744405 15
744512 46
744618 17
744724 15
744830 44
744937 26
745044 18
745150 16
745257 18
745363 27
745469 20
745576 15
745682 19
745788 10
745894 20
746002 17
746108 17
746214 23
746321 7
746427 22
746533 22
746640 17
746746 17
746852 18
746958 14
747066 19
747172 19
747278 15
747385 18
747491 14
747597 22
747704 16
747810 22
747916 25
748024 17
748130 15
748236 16
748342 15
748449 23
748555 17
748661 17
748768 18
748874 17
748980 18
749086 14
749193 16
749299 18
749405 20
749512 35
749618 19
749724 16
749830 17
749937 47
750044 18
750150 20
750257 19
750363 18
750469 17
750576 18
750682 19
750788 18
750894 18
751002 17
751108 14
751214 17
751321 23
751427 13
751533 13
751640 17
751746 33
751852 19
751958 14
752066 18
752172 9
752278 20
752385 10
752491 24
752597 18
752704 17
752810 23
752916 20
753024 18
753130 17
753236 17
753342 16
753449 34
753555 17
753661 25
753768 15
753874 17
753980 17
754086 16
754193 17
754299 16
754405 18
754512 60
754618 17
754724 17
754830 14
754937 35
755044 12
755150 19
755257 20
755363 17
755469 20
755576 17
755682 15
755788 22
755894 18
756002 18
756108 23
756214 0
756321 16
756427 17
756533 26
756640 109
756746 18
756852 16
756958 19
757066 23
757172 16
757278 19
757385 16
757491 20
757597 18
757704 13
757810 19
757916 18
758024 16
758130 21
758236 17
758342 16
758449 19
758555 16
758661 48
758768 17
758874 18
758980 16
759086 17
759193 16
759299 18
759405 16
759512 42
759618 18
759724 16
759830 16
759937 41
760044 21
760150 67
760257 19
760363 10
760469 19
760576 17
760682 2
760788 18
760894 18
761002 21
761108 20
761214 108
761321 18
761427 19
761533 13
761640 18
761746 17
761852 18
761958 20
762066 15
762172 17
762278 16
762385 20
762491 17
762597 17
762704 20
762810 16
762916 20
763024 17
763130 15
763236 16
763342 17
763449 20
763555 16
763661 49
763768 18
763874 16
763980 15
764086 17
764193 16
764299 15
764405 16
764512 24
764618 19
764724 17
764830 17
764937 16
765044 18
765150 17
765257 20
765363 18
765469 19
765576 18
765682 19
765788 22
765894 16
766002 18
766108 17
766214 0
766321 21
766427 16
766533 12
766640 14
766746 15
766852 19
766958 16
767066 84
767172 18
767278 19
767385 19
767491 18
767597 19
767704 19
767810 21
767916 18
768024 15
768130 17
768236 18
768342 19
768449 16
768555 18
768661 52
768768 15
768874 18
768980 18
769086 14
769193 14
769299 16
769405 16
769512 7
769618 16
769724 18
769830 17
769937 14
770044 17
770150 18
770257 19
770363 13
770469 19
770576 17
770682 20
770788 18
770894 17
771002 18
771108 18
771214 43
771321 18
771427 19
771533 22
771640 18
771746 14
771852 18
771958 21
772066 36
772172 19
772278 18
772385 17
772491 15
772597 18
772704 17
772810 19
772916 17
773024 17
773130 19
773236 9
773342 38
773449 17
773555 11
773661 0
773768 17
773874 16
773980 15
774086 9
774193 15
774299 17
774405 18
774512 40
774618 18
774724 16
774830 18
774937 19
775044 19
775150 19
775257 20
775363 9
775469 20
775576 15
775682 18
775788 0
775894 18
776002 21
776108 17
776214 14
776321 18
776427 18
776533 22
776640 16
776746 16
776852 16
776958 17
777066 92
777172 19
777278 18
777385 19
777491 18
777597 18
777704 18
777810 17
777916 20
778024 17
778130 12
778236 15
778342 15
778449 10
778555 15
778661 0
778768 16
778874 16
778980 20
779086 55
779193 15
779299 20
779405 18
779512 0
779618 17
779724 16
779830 18
779937 16
780044 13
780150 21
780257 16
780363 17
780469 19
780576 19
780682 17
780788 34
780894 18
781002 16
781108 17
781214 4
781321 13
781427 14
781533 17
781640 17
781746 19
781852 18
781958 24
782066 19
782172 19
782278 19
782385 19
782491 19
782597 19
782704 18
782810 17
782916 17
783024 15
783130 17
783236 16
783342 17
783449 18
783555 19
783661 84
783768 20
783874 16
783980 16
784086 48
784193 17
784299 19
784405 16
784512 135
784618 17
784724 17
784830 17
784937 87
785044 20
785150 18
785257 22
785363 12
785469 18
785576 19
785682 17
785788 12
785894 20
786002 22
786108 23
786214 0
786321 17
786427 18
786533 10
786640 23
786746 18
786852 16
786958 18
787066 15
787172 16
787278 21
787385 17
787491 17
787597 23
787704 18
787810 20
787916 17
788024 4
788130 18
788236 8
788342 17
788449 15
788555 18
788661 9
788768 16
788874 17
788980 15
789086 27
789193 13
789299 16
789405 12
789512 0
789618 18
789724 21
789830 17
789937 6
790044 20
790150 18
790257 23
790363 82
790469 19
790576 20
790682 19
790788 47
790894 24
791002 23
791108 19
791214 0
791321 19
791427 19
791533 9
791640 17
791746 20
791852 17
791958 19
792066 20
792172 19
792278 9
792385 17
792491 18
792597 19
792704 20
792810 37
792916 15
793024 23
793130 16
793236 16
793342 17
793449 16
793555 16
793661 18
793768 16
793874 15
793980 17
794086 21
794193 31
794299 17
794405 17
794512 16
794618 16
794724 16
794830 17
794937 27
795044 16
795150 18
795257 18
795363 30
795469 20
795576 21
795682 13
795788 18
795894 19
796002 16
796108 18
796214 33
796321 19
796427 19
796533 11
796640 13
796746 17
796852 17
796958 17
797066 20
797172 22
797278 18
797385 17
797491 17
797597 19
797704 18
797810 3
797916 19
798024 17
798130 20
798236 24
798342 14
798449 17
798555 20
798661 117
798768 14
798874 16
798980 18
799086 23
799193 16
799299 19
799405 15
799512 18
799618 16
799724 17
799830 16
799937 19
800044 18
800150 13
800257 19
800363 45
800469 21
800576 17
800682 8
800788 18
800894 17
801002 16
801108 16
801214 43
801321 15
801427 16
801533 17
801640 18
801746 17
801852 15
801958 18
802066 20
802172 16
802278 18
802385 23
802491 16
802597 15
802704 20
802810 41
802916 18
803024 15
803130 14
803236 20
803342 14
803449 16
803555 19
803661 11
803768 16
803874 15
803980 17
804086 13
804193 16
804299 16
804405 20
804512 15
804618 17
804724 18
804830 17
804937 6
805044 19
805150 16
805257 15
805363 19
805469 18
805576 17
805682 19
805788 20
805894 15
806002 17
806108 14
806214 0
806321 21
806427 16
806533 13
806640 17
806746 18
806852 18
806958 19
807066 19
807172 19
807278 19
807385 19
807491 17
807597 18
807704 18
807810 49
807916 18
808024 19
808130 16
808236 60
808342 19
808449 21
808555 15
808661 22
808768 12
808874 17
808980 17
809086 9
809193 15
809299 18
809405 18
809512 17
809618 17
809724 16
809830 19
809937 0
810044 19
810150 20
810257 19
810363 73
810469 16
810576 19
810682 19
810788 18
810894 25
811002 15
811108 11
811214 24
811321 15
811427 19
811533 21
811640 18
811746 19
811852 18
811958 15
812066 17
812172 19
812278 17
812385 20
812491 18
812597 20
812704 16
812810 17
812916 18
813024 16
813130 17
813236 20
813342 41
813449 17
813555 17
813661 22
813768 17
813874 10
813980 24
814086 15
814193 17
814299 13
814405 15
814512 17
814618 16
814724 17
814830 18
814937 13
815044 21
815150 18
815257 15
815363 18
815469 16
815576 21
815682 27
815788 18
815894 13
816002 13
816108 21
816214 16
816321 18
816427 18
816533 19
816640 18
816746 21
816852 17
816958 23
817066 17
817172 17
817278 13
817385 15
817491 19
817597 18
817704 15
817810 24
817916 23
818024 15
818130 16
818236 19
818342 17
818449 17
818555 16
818661 16
818768 18
818874 16
818980 17
819086 13
819193 14
819299 16
819405 14
819512 16
819618 16
819724 12
819830 18
819937 21
820044 21
820150 17
820257 19
820363 29
820469 18
820576 9
820682 18
820788 31
820894 22
821002 16
821108 16
821214 0
821321 19
821427 15
821533 88
821640 18
821746 8
821852 19
821958 40
822066 20
822172 18
822278 17
822385 21
822491 15
822597 17
822704 18
822810 16
822916 21
823024 15
823130 14
823236 14
823342 15
823449 10
823555 17
823661 88
823768 16
823874 38
823980 18
824086 0
824193 19
824299 20
824405 17
824512 15
824618 15
824724 18
824830 18
824937 11
825044 20
825150 19
825257 18
825363 1
825469 17
825576 19
825682 20
825788 0
825894 21
826002 20
826108 22
826214 13
826321 18
826427 18
826533 0
826640 18
826746 18
826852 16
826958 6
827066 18
827172 17
827278 17
827385 15
827491 19
827597 18
827704 19
827810 14
827916 18
828024 17
828130 19
828236 14
828342 18
828449 17
828555 17
828661 0
828768 16
828874 14
828980 17
829086 0
829193 17
829299 18
829405 17
829512 16
829618 17
829724 15
829830 19
829937 32
830044 16
830150 10
830257 19
830363 19
830469 19
830576 18
830682 16
830788 20
830894 19
831002 16
831108 17
831214 0
831321 18
831427 19
831533 74
831640 17
831746 17
831852 21
831958 26
832066 18
832172 16
832278 16
832385 18
832491 18
832597 19
832704 17
832810 0
832916 18
833024 14
833130 17
833236 14
833342 15
833449 32
833555 18
833661 31
833768 15
833874 17
833980 18
834086 19
834193 16
834299 17
834405 19
834512 26
834618 15
834724 11
834830 12
834937 13
835044 20
835150 17
835257 19
835363 3
835469 18
835576 19
835682 12
835788 21
835894 17
836002 17
836108 4
836214 19
836321 18
836427 17
836533 12
836640 21
836746 17
836852 17
836958 29
837066 19
837172 20
837278 18
837385 19
837491 17
837597 18
837704 16
837810 147
837916 16
838024 18
838130 17
838236 21
838342 17
838449 18
838555 18
838661 16
838768 17
838874 17
838980 15
839086 16
839193 16
839299 17
839405 17
839512 16
839618 15
839724 14
839830 16
839937 17
840044 16
840150 16
840257 20
840363 11
840469 17
840576 19
840682 15
840788 13
840894 17
841002 17
841108 16
841214 16
841321 18
841427 18
841533 12
841640 16
841746 40
841852 17
841958 20
842066 21
842172 20
842278 18
842385 23
842491 18
842597 18
842704 15
842810 0
842916 18
843024 17
843130 15
843236 30
843342 16
843449 17
843555 15
843661 15
843768 15
843874 18
843980 16
844086 41
844193 15
844299 18
844405 18
844512 17
844618 24
844724 19
844830 17
844937 0
845044 15
845150 18
845257 20
845363 21
845469 18
845576 19
845682 19
845788 20
845894 20
846002 16
846108 21
846214 16
846321 18
846427 18
846533 0
846640 17
846746 20
846852 16
846958 17
847066 16
847172 20
847278 17
847385 16
847491 15
847597 19
847704 20
847810 29
847916 18
848024 19
848130 16
848236 0
848342 18
848449 15
848555 19
848661 18
848768 17
848874 22
848980 16
849086 0
849193 17
849299 18
849405 17
849512 16
849618 18
849724 17
849830 15
849937 25
850044 21
850150 19
850257 18
850363 29
850469 18
850576 18
850682 22
850788 18
850894 18
851002 18
851108 0
851214 17
851321 17
851427 15
851533 0
851640 18
851746 16
851852 18
851958 18
852066 23
852172 16
852278 18
852385 11
852491 19
852597 18
852704 16
852810 18
852916 19
853024 16
853130 17
853236 19
853342 16
853449 20
853555 20
853661 18
853768 18
853874 16
853980 12
854086 0
854193 17
854299 19
854405 16
854512 0
854618 15
854724 17
854830 19
854937 92
855044 17
855150 25
855257 17
855363 0
855469 18
855576 18
855682 18
855788 6
855894 19
856002 17
856108 0
856214 19
856321 19
856427 16
856533 0
856640 18
856746 18
856852 17
856958 72
857066 12
857172 18
857278 18
857385 11
857491 20
857597 19
857704 16
857810 22
857916 24
858024 14
858130 16
858236 23
858342 15
858449 17
858555 29
858661 18
858768 19
858874 16
858980 14
859086 18
859193 13
859299 14
859405 10
859512 17
859618 17
859724 16
859830 11
859937 63
860044 24
860150 17
860257 15
860363 0
860469 19
860576 18
860682 16
860788 84
860894 11
861002 18
861108 36
861214 18
861321 17
861427 14
861533 0
861640 19
861746 25
861852 20
861958 33
862066 19
862172 19
862278 19
862385 27
862491 16
862597 19
862704 10
862810 18
862916 17
863024 17
863130 18
863236 157
863342 18
863449 21
863555 17
863661 16
863768 18
863874 17
863980 14
864086 14
864193 17
864299 18
864405 13
864512 15
864618 10
864724 15
864830 21
864937 20
865044 16
865150 18
865257 20
865363 19
865469 19
865576 20
865682 19
865788 18
865894 18
866002 17
866108 23
866214 18
866321 17
866427 14
866533 0
866640 17
866746 17
866852 17
866958 0
867066 19
867172 20
867278 15
867385 18
867491 19
867597 18
867704 22
867810 21
867916 19
868024 16
868130 17
868236 0
868342 19
868449 13
868555 12
868661 12
868768 17
868874 14
868980 17
869086 31
869193 16
869299 16
869405 17
869512 17
869618 17
869724 17
869830 19
869937 16
870044 21
870150 18
870257 18
870363 25
870469 50
870576 19
870682 142
870788 20
870894 17
871002 17
871108 15
871214 18
871321 16
871427 51
871533 45
871640 19
871746 18
871852 19
871958 0
872066 19
